-0.13679
0
3.3547e-05
0.000134098
0.000301381
0.000534945
0.000834161
0.00119822
0.00162614
0.00211676
0.00266874
0.0032806
0.00395066
0.0046771
0.00545793
0.00629099
0.00717401
0.00810455
0.00908001
0.0100977
0.0111547
0.0122482
0.0133749
0.0145318
0.0157154
0.0169225
0.0181494
0.0193927
0.0206486
0.0219135
0.0231835
0.0244548
0.0257235
0.0269857
0.0282374
0.0294747
0.0306935
0.0318899
0.0330599
0.0341996
0.0353048
0.0363719
0.0373968
0.0383757
0.0393048
0.0401805
0.0409991
0.041757
0.0424507
0.043077
0.0436324
0.0441139
0.0445184
0.044843
0.045085
0.0452417
0.0453105
0.0452893
0.0451757
0.0449679
0.0446639
0.0442622
0.0437612
0.0431597
0.0424565
0.0416508
0.0407418
0.0397291
0.0386125
0.0373917
0.0360669
0.0346385
0.033107
0.0314732
0.0297381
0.0279028
0.0259688
0.0239378
0.0218115
0.019592
0.0172816
0.0148828
0.0123983
0.00983085
0.0071837
0.00446008
0.00166345
-0.00120248
-0.00413394
-0.00712675
-0.0101768
-0.0132798
-0.016431
-0.0196259
-0.0228596
-0.0261271
-0.0294233
-0.032743
-0.0360808
-0.0394313
-0.0427889
-0.046148
-0.0495029
-0.0528477
-0.0561765
-0.0594835
-0.0627627
-0.0660081
-0.0692137
-0.0723734
-0.0754812
-0.0785312
-0.0815172
-0.0844334
-0.0872737
-0.0900324
-0.0927035
-0.0952814
-0.0977603
-0.100135
-0.102399
-0.104548
-0.106577
-0.10848
-0.110252
-0.111889
-0.113386
-0.114738
-0.115942
-0.116993
-0.117887
-0.118621
-0.119191
-0.119593
-0.119826
-0.119886
-0.119771
-0.119478
-0.119006
-0.118353
-0.117517
-0.116497
-0.115292
-0.113902
-0.112326
-0.110565
-0.108618
-0.106487
-0.104171
-0.101673
-0.0989936
-0.0961347
-0.0930985
-0.0898873
-0.0865038
-0.0829511
-0.0792324
-0.0753513
-0.0713117
-0.0671178
-0.0627741
-0.0582853
-0.0536565
-0.0488928
-0.0440001
-0.0389837
-0.0338501
-0.0286057
-0.0232567
-0.0178102
-0.0122729
-0.00665227
-0.000955571
0.00480936
0.0106351
0.0165134
0.022436
0.0283949
0.0343816
0.0403875
0.046404
0.0524224
0.0584336
0.0644289
0.0703994
0.0763358
0.0822292
0.0880703
0.0938503
0.0995598
0.10519
0.110731
0.116175
0.121513
0.126735
0.131834
0.136799
0.141623
0.146298
0.150814
0.155165
0.159341
0.163336
0.167141
0.17075
0.174154
0.177348
0.180325
0.183078
0.185602
0.18789
0.189937
0.191737
0.193287
0.194581
0.195615
0.196386
0.19689
0.197123
0.197083
0.196767
0.196175
0.195303
0.194151
0.192717
0.191003
0.189006
0.186729
0.184171
0.181334
0.17822
0.174831
0.171168
0.167236
0.163038
0.158576
0.153856
0.148881
0.143658
0.13819
0.132485
0.126548
0.120386
0.114005
0.107413
0.100617
0.0936264
0.0864483
0.0790921
0.0715664
0.0638804
0.0560441
0.0480672
0.03996
0.0317329
0.0233966
0.014962
0.00644001
-0.00215747
-0.0108191
-0.0195335
-0.0282881
-0.0370713
-0.0458705
-0.0546743
-0.0634695
-0.0722439
-0.0809851
-0.0896803
-0.0983172
-0.106883
-0.115366
-0.123752
-0.132029
-0.140186
-0.148209
-0.156087
-0.163806
-0.171356
-0.178725
-0.185901
-0.192872
-0.199627
-0.206156
-0.212447
-0.21849
-0.224275
-0.229792
-0.235031
-0.239984
-0.24464
-0.248993
-0.253033
-0.256752
-0.260145
-0.263202
-0.265919
-0.268288
-0.270305
-0.271964
-0.27326
-0.274189
-0.274747
-0.274932
-0.274741
-0.274171
-0.27322
-0.271888
-0.270174
-0.268078
-0.2656
-0.262741
-0.259503
-0.255889
-0.251899
-0.247539
-0.242811
-0.23772
-0.232271
-0.226468
-0.220318
-0.213828
-0.207004
-0.199853
-0.192383
-0.184604
-0.176523
-0.168151
-0.159496
-0.15057
-0.141384
-0.131946
-0.122272
-0.112371
-0.102257
-0.0919409
-0.0814375
-0.0707601
-0.0599214
-0.0489365
-0.0378194
-0.0265847
-0.0152471
-0.00382221
0.0076749
0.0192285
0.030824
0.0424441
0.0540733
0.0656966
0.0772964
0.0888569
0.100362
0.111796
0.123143
0.134385
0.145508
0.156494
0.167329
0.177995
0.188478
0.198762
0.208832
0.218672
0.228268
0.237605
0.246669
0.255446
0.263921
0.272083
0.279918
0.287413
0.294556
0.301335
0.30774
0.313759
0.319381
0.324598
0.3294
0.333777
0.337722
0.341227
0.344285
0.346889
0.349033
0.350712
0.351922
0.352657
0.352916
0.352694
0.35199
0.350802
0.34913
0.346973
0.344332
0.341207
0.337602
0.333518
0.328958
0.323926
0.318428
0.312468
0.306053
0.299188
0.29188
0.284139
0.275972
0.267388
0.258398
0.249012
0.239239
0.229093
0.218586
0.207728
0.196536
0.185021
0.173199
0.161082
0.148689
0.136034
0.123132
0.110001
0.0966576
0.083119
0.0694025
0.0555268
0.0415099
0.0273708
0.0131268
-0.0012013
-0.0155944
-0.0300348
-0.0445007
-0.0589731
-0.0734326
-0.08786
-0.102233
-0.116534
-0.130742
-0.144837
-0.158799
-0.17261
-0.186248
-0.199695
-0.212931
-0.225938
-0.238695
-0.251186
-0.26339
-0.275291
-0.286871
-0.298112
-0.308998
-0.319513
-0.329639
-0.339361
-0.348666
-0.357536
-0.36596
-0.373923
-0.381412
-0.388416
-0.394921
-0.400919
-0.406396
-0.411345
-0.415757
-0.419622
-0.422933
-0.425683
-0.427867
-0.429478
-0.430513
-0.430966
-0.430836
-0.43012
-0.428816
-0.426924
-0.424444
-0.421376
-0.417723
-0.413487
-0.408672
-0.403281
-0.39732
-0.390794
-0.38371
-0.376076
-0.367899
-0.359189
-0.349954
-0.340208
-0.329958
-0.319219
-0.308002
-0.296322
-0.284191
-0.271626
-0.258641
-0.245252
-0.231476
-0.21733
-0.202833
-0.188002
-0.172857
-0.157417
-0.141702
-0.125731
-0.109527
-0.0931099
-0.0765013
-0.0597244
-0.0427996
-0.0257503
-0.00860016
0.00862951
0.0259137
0.0432309
0.0605558
0.0778674
0.0951385
0.112348
0.129471
0.146484
0.163363
0.180085
0.196628
0.212966
0.229077
0.24494
0.260529
0.275825
0.290803
0.305444
0.319726
0.333627
0.347127
0.360208
0.372848
0.38503
0.396735
0.407945
0.418643
0.428813
0.438438
0.447504
0.455997
0.463903
0.471208
0.4779
0.483969
0.489404
0.494194
0.498332
0.501808
0.504617
0.506751
0.508206
0.508977
0.50906
0.508454
0.507155
0.505164
0.502481
0.499107
0.495045
0.490296
0.484866
0.478759
0.471981
0.46454
0.456442
0.447697
0.438315
0.428306
0.41768
0.40645
0.394632
0.382236
0.36928
0.355779
0.341748
0.327206
0.312169
0.296658
0.280692
0.264289
0.247474
0.230265
0.212684
0.194756
0.176503
0.157948
0.139118
0.120034
0.100723
0.0812106
0.061522
0.0416838
0.0217236
0.00166606
-0.0184598
-0.0386288
-0.0588117
-0.0789842
-0.0991146
-0.119178
-0.139146
-0.158992
-0.178688
-0.198206
-0.217522
-0.236604
-0.255429
-0.27397
-0.292199
-0.310093
-0.327624
-0.34477
-0.361503
-0.377801
-0.393639
-0.408996
-0.423848
-0.438174
-0.451953
-0.465164
-0.477787
-0.489802
-0.501193
-0.511941
-0.52203
-0.531444
-0.540169
-0.548188
-0.555491
-0.562065
-0.567898
-0.57298
-0.577302
-0.580856
-0.583635
-0.585631
-0.586841
-0.58726
-0.586885
-0.585713
-0.583745
-0.580981
-0.577421
-0.573068
-0.567926
-0.561999
-0.555292
-0.547813
-0.539569
-0.53057
-0.520824
-0.510344
-0.499141
-0.487227
-0.474617
-0.461327
-0.447371
-0.432769
-0.417536
-0.401691
-0.385256
-0.368249
-0.350692
-0.332608
-0.314019
-0.294951
-0.275426
-0.255469
-0.235107
-0.214368
-0.193275
-0.171859
-0.150147
-0.128168
-0.105949
-0.0835229
-0.0609154
-0.0381613
-0.0152877
0.00767238
0.0306904
0.0537329
0.0767699
0.0997724
0.122705
0.145538
0.168241
0.19078
0.213127
0.235251
0.257121
0.278704
0.299973
0.320896
0.341444
0.36159
0.381304
0.400559
0.419325
0.437578
0.455291
0.472437
0.488994
0.504934
0.520238
0.534881
0.54884
0.562096
0.574629
0.586419
0.597449
0.607702
0.61716
0.62581
0.633638
0.640629
0.646774
0.65206
0.656479
0.660021
0.662681
0.664451
0.665327
0.665306
0.664384
0.662561
0.659836
0.656211
0.651689
0.646273
0.639967
0.632779
0.624715
0.615783
0.605995
0.595361
0.583892
0.571603
0.558507
0.544621
0.529959
0.514541
0.498387
0.481516
0.463948
0.445705
0.426811
0.407287
0.387163
0.366462
0.345209
0.323434
0.301162
0.278426
0.255253
0.231673
0.207718
0.183418
0.158808
0.133917
0.108781
0.0834299
0.0579022
0.0322282
0.00644515
-0.019415
-0.0453148
-0.0712204
-0.0970996
-0.122913
-0.148626
-0.174205
-0.199613
-0.224817
-0.249783
-0.274473
-0.298858
-0.322899
-0.346565
-0.369824
-0.392641
-0.414987
-0.436827
-0.458134
-0.478873
-0.499019
-0.518539
-0.537409
-0.555599
-0.573084
-0.58984
-0.605838
-0.621057
-0.635475
-0.64907
-0.661822
-0.67371
-0.684718
-0.694826
-0.704021
-0.712286
-0.719609
-0.725977
-0.731379
-0.735806
-0.739249
-0.741701
-0.743156
-0.74361
-0.74306
-0.741504
-0.738941
-0.735373
-0.730803
-0.725233
-0.718669
-0.711118
-0.702586
-0.693083
-0.682621
-0.671211
-0.658866
-0.6456
-0.631429
-0.616371
-0.600441
-0.583663
-0.566055
-0.547641
-0.52844
-0.508481
-0.487785
-0.466381
-0.444296
-0.421557
-0.398194
-0.374236
-0.349717
-0.324666
-0.299117
-0.273101
-0.246657
-0.219816
-0.192616
-0.165089
-0.137276
-0.109212
-0.080932
-0.0524773
-0.0238864
0.00480516
0.0335559
0.0623284
0.0910854
0.119788
0.148392
0.176864
0.205161
0.233247
0.261084
0.288631
0.315855
0.342713
0.369168
0.395186
0.42073
0.445764
0.470254
0.494164
0.517459
0.54011
0.562083
0.583345
0.603868
0.623623
0.642579
0.66071
0.67799
0.69439
0.709891
0.724468
0.738097
0.750762
0.76244
0.773113
0.782766
0.791382
0.798949
0.805453
0.810883
0.815229
0.818483
0.820639
0.821691
0.821634
0.820468
0.81819
0.814801
0.810303
0.804701
0.798
0.790204
0.781324
0.771368
0.760349
0.748277
0.735169
0.721038
0.705901
0.689778
0.672688
0.654649
0.635688
0.615829
0.595092
0.573505
0.5511
0.527899
0.503931
0.479236
0.453837
0.427771
0.401072
0.373772
0.345907
0.317519
0.288637
0.259303
0.229556
0.199438
0.168983
0.138235
0.107234
0.0760217
0.0446405
0.0131354
-0.0184578
-0.0500932
-0.0817248
-0.11332
-0.144825
-0.176198
-0.207403
-0.238393
-0.269124
-0.299559
-0.329653
-0.359365
-0.388651
-0.417477
-0.445799
-0.473575
-0.500772
-0.52735
-0.553271
-0.578498
-0.602997
-0.626729
-0.649666
-0.671774
-0.693018
-0.713373
-0.732806
-0.751286
-0.768792
-0.785295
-0.800771
-0.815197
-0.828553
-0.840815
-0.851968
-0.861992
-0.870873
-0.878595
-0.885146
-0.890516
-0.894693
-0.89767
-0.899441
-0.9
-0.899345
-0.897473
-0.894386
-0.890085
-0.884572
-0.877854
-0.869936
-0.860826
-0.850536
-0.839076
-0.82646
-0.812704
-0.79782
-0.781829
-0.76475
-0.746606
-0.727416
-0.707202
-0.685997
-0.663821
-0.640704
-0.616678
-0.591769
-0.566012
-0.539441
-0.512087
-0.483986
-0.455177
-0.425698
-0.395584
-0.364876
-0.333614
-0.301841
-0.269597
-0.236929
-0.203874
-0.170478
-0.13679
0
3.3547e-05
