-0.264989
0
6.56492e-05
0.000261889
0.000586604
0.00103629
0.00160606
0.00228974
0.00307984
0.00396769
0.00494346
0.00599626
0.00711423
0.00828463
0.00949396
0.010728
0.0119722
0.0132112
0.0144297
0.0156121
0.0167428
0.0178063
0.0187873
0.0196709
0.0204427
0.0210889
0.0215965
0.0219535
0.0221486
0.022172
0.0220146
0.0216691
0.0211294
0.0203907
0.0194499
0.0183056
0.0169577
0.0154081
0.0136602
0.011719
0.00959153
0.00728607
0.00481282
0.00218349
-0.000588691
-0.00348899
-0.00650128
-0.0096081
-0.0127908
-0.0160298
-0.0193041
-0.0225924
-0.0258723
-0.0291209
-0.0323151
-0.0354313
-0.038446
-0.0413355
-0.0440765
-0.0466462
-0.0490222
-0.051183
-0.0531077
-0.0547767
-0.0561716
-0.0572753
-0.0580723
-0.0585485
-0.0586919
-0.0584922
-0.0579411
-0.0570324
-0.0557621
-0.0541284
-0.0521319
-0.0497754
-0.047064
-0.0440055
-0.0406098
-0.0368892
-0.0328584
-0.0285343
-0.0239361
-0.019085
-0.0140043
-0.00871922
-0.00325671
0.00235449
0.00808434
0.0139011
0.0197723
0.0256641
0.031542
0.0373712
0.043116
0.0487408
0.05421
0.0594884
0.0645409
0.0693336
0.0738332
0.0780075
0.081826
0.0852595
0.0882805
0.0908638
0.092986
0.0946262
0.0957661
0.0963899
0.0964845
0.0960399
0.095049
0.0935078
0.0914156
0.0887746
0.0855907
0.0818727
0.077633
0.0728868
0.0676529
0.0619532
0.0558124
0.0492585
0.0423219
0.0350363
0.0274371
0.019563
0.0114541
0.00315279
-0.00529664
-0.0138488
-0.0224565
-0.0310723
-0.0396473
-0.0481325
-0.0564787
-0.0646366
-0.0725576
-0.0801935
-0.0874972
-0.0944229
-0.100926
-0.106965
-0.112498
-0.117487
-0.121898
-0.125697
-0.128854
-0.131344
-0.133143
-0.134233
-0.134597
-0.134224
-0.133106
-0.131241
-0.128628
-0.125274
-0.121186
-0.116379
-0.11087
-0.104682
-0.0978405
-0.0903752
-0.0823205
-0.0737136
-0.0645961
-0.0550128
-0.0450109
-0.0346415
-0.0239575
-0.0130149
-0.00187121
0.00941354
0.0207791
0.0321626
0.0435011
0.0547314
0.06579
0.0766138
0.0871398
0.0973066
0.107054
0.116322
0.125057
0.133202
0.140707
0.147523
0.153605
0.158911
0.163405
0.167052
0.169824
0.171696
0.172648
0.172666
0.17174
0.169865
0.167043
0.163278
0.158582
0.152973
0.146471
0.139104
0.130904
0.121907
0.112156
0.101696
0.0905795
0.0788599
0.066597
0.0538525
0.040692
0.0271839
0.0133997
-0.00058811
-0.0147039
-0.028871
-0.043013
-0.0570507
-0.0709068
-0.0845033
-0.0977632
-0.110611
-0.122971
-0.134773
-0.145945
-0.156422
-0.166139
-0.175037
-0.183059
-0.190154
-0.196275
-0.201379
-0.205431
-0.208399
-0.210257
-0.210985
-0.210571
-0.209006
-0.20629
-0.202428
-0.197431
-0.191318
-0.184113
-0.175845
-0.166553
-0.156278
-0.145068
-0.132978
-0.120066
-0.106397
-0.092039
-0.0770654
-0.0615533
-0.0455832
-0.0292389
-0.0126064
0.00422469
0.0211643
0.038121
0.0550015
0.0717132
0.088163
0.10426
0.119913
0.135034
0.149534
0.163331
0.176344
0.188496
0.199715
0.209931
0.219082
0.22711
0.233962
0.239594
0.243965
0.247042
0.248799
0.249217
0.248284
0.245996
0.242356
0.237373
0.231065
0.223457
0.214583
0.204481
0.193197
0.180786
0.167307
0.152827
0.137416
0.121154
0.104122
0.0864095
0.0681069
0.0493105
0.0301189
0.0106351
-0.00903723
-0.0287921
-0.0485228
-0.0681208
-0.0874789
-0.106491
-0.125048
-0.14305
-0.160393
-0.176979
-0.192711
-0.2075
-0.221259
-0.233907
-0.245365
-0.255567
-0.264447
-0.271948
-0.278022
-0.282626
-0.285726
-0.287296
-0.287317
-0.28578
-0.282684
-0.278036
-0.271851
-0.264153
-0.254976
-0.244361
-0.232355
-0.219016
-0.20441
-0.188607
-0.171686
-0.153732
-0.134838
-0.1151
-0.0946203
-0.0735062
-0.0518688
-0.0298219
-0.0074843
0.0150249
0.0375837
0.0600721
0.0823644
0.104339
0.125877
0.146856
0.167158
0.186672
0.205286
0.222894
0.239393
0.254689
0.268692
0.281317
0.292489
0.302139
0.310206
0.316637
0.321388
0.324424
0.32572
0.325258
0.323031
0.319043
0.313304
0.305837
0.296673
0.285852
0.273424
0.259448
0.243992
0.227132
0.208951
0.189541
0.169001
0.147438
0.124963
0.101691
0.0777466
0.0532553
0.0283468
0.00315531
-0.0221844
-0.0475364
-0.0727616
-0.0977232
-0.122284
-0.14631
-0.169665
-0.192223
-0.213854
-0.234439
-0.253858
-0.272001
-0.288764
-0.304047
-0.317761
-0.329823
-0.340161
-0.348709
-0.355411
-0.360224
-0.363109
-0.364044
-0.363013
-0.360012
-0.355047
-0.348137
-0.339308
-0.3286
-0.316062
-0.301752
-0.28574
-0.268105
-0.248933
-0.228323
-0.206379
-0.183212
-0.158944
-0.1337
-0.107614
-0.0808216
-0.0534664
-0.025691
0.00235243
0.0305137
0.0586437
0.086586
0.114189
0.141303
0.167779
0.193468
0.21823
0.241924
0.264418
0.285584
0.305303
0.323459
0.339948
0.354673
0.367546
0.378487
0.387432
0.39432
0.399106
0.401755
0.402242
0.400555
0.396695
0.390671
0.382507
0.372239
0.359912
0.345583
0.329323
0.311209
0.291335
0.269798
0.246706
0.222182
0.19635
0.169344
0.141306
0.112382
0.0827279
0.0524977
0.0218543
-0.00903626
-0.0400094
-0.070901
-0.101537
-0.131753
-0.161386
-0.190269
-0.218247
-0.24516
-0.270861
-0.295205
-0.318053
-0.339276
-0.358755
-0.376372
-0.392028
-0.405629
-0.417092
-0.426347
-0.433335
-0.438009
-0.440333
-0.440286
-0.437859
-0.433054
-0.425888
-0.416391
-0.404604
-0.390583
-0.374394
-0.356116
-0.335839
-0.313665
-0.289708
-0.26409
-0.236942
-0.208406
-0.17863
-0.14777
-0.115992
-0.0834598
-0.0503491
-0.0168384
0.0168959
0.0506687
0.0843008
0.117606
0.150408
0.182521
0.213772
0.243987
0.273001
0.300649
0.326778
0.351244
0.373901
0.394625
0.413295
0.429801
0.444048
0.455948
0.465429
0.47243
0.476904
0.478817
0.47815
0.474896
0.469063
0.460673
0.449763
0.436382
0.420593
0.402472
0.382109
0.359607
0.335077
0.308647
0.280453
0.250641
0.219364
0.18679
0.153086
0.118432
0.0830145
0.0470185
0.0106403
-0.0259264
-0.0624865
-0.0988382
-0.134788
-0.170138
-0.204694
-0.238268
-0.270672
-0.301729
-0.331268
-0.359122
-0.385132
-0.409154
-0.431048
-0.450692
-0.467968
-0.482777
-0.495029
-0.50465
-0.511577
-0.515765
-0.51718
-0.515806
-0.511641
-0.504697
-0.495002
-0.482599
-0.467547
-0.449917
-0.429796
-0.407285
-0.382495
-0.355555
-0.326603
-0.295788
-0.263271
-0.229221
-0.193818
-0.157248
-0.119705
-0.0813889
-0.0425067
-0.00326254
0.0361284
0.0754578
0.114509
0.153075
0.190938
0.227898
0.263747
0.298291
0.331337
0.362702
0.392213
0.4197
0.44501
0.468001
0.488537
0.506503
0.521791
0.53431
0.543984
0.550751
0.554564
0.555395
0.553229
0.548067
0.539929
0.528847
0.514874
0.498076
0.478534
0.456344
0.43162
0.404485
0.375077
0.343554
0.310075
0.274814
0.237959
0.199701
0.160247
0.119801
0.0785805
0.0368093
-0.00529128
-0.0474968
-0.0895751
-0.131303
-0.172451
-0.212793
-0.252113
-0.290191
-0.326819
-0.361797
-0.394927
-0.42603
-0.454925
-0.48145
-0.505458
-0.526809
-0.54538
-0.561063
-0.573764
-0.583404
-0.589923
-0.593276
-0.593435
-0.59039
-0.584149
-0.574733
-0.562186
-0.546565
-0.527946
-0.506421
-0.482098
-0.455097
-0.425559
-0.393636
-0.359491
-0.323306
-0.285266
-0.245575
-0.204439
-0.16208
-0.118717
-0.0745898
-0.0299282
0.0150233
0.0600275
0.104837
0.14921
0.192912
0.235697
0.277331
0.317591
0.35625
0.393098
0.427931
0.460556
0.490784
0.518451
0.543397
0.56548
0.584575
0.600566
0.613362
0.622882
0.629066
0.631872
0.631273
0.627265
0.619859
0.609085
0.594992
0.577647
0.557135
0.533557
0.507033
0.477696
0.445696
0.411204
0.374395
0.335461
0.294609
0.252052
0.208017
0.162738
0.116453
0.0694131
0.0218666
-0.0259265
-0.0737111
-0.121232
-0.168225
-0.214445
-0.25963
-0.303535
-0.345924
-0.386558
-0.425216
-0.461686
-0.495764
-0.527254
-0.555985
-0.58179
-0.604525
-0.624058
-0.640275
-0.65308
-0.662393
-0.668154
-0.670325
-0.668883
-0.663826
-0.655172
-0.642957
-0.627241
-0.608096
-0.585618
-0.55992
-0.53113
-0.499398
-0.464887
-0.427774
-0.388256
-0.346537
-0.302839
-0.25739
-0.210435
-0.162216
-0.113001
-0.0630446
-0.0126207
0.0380051
0.0885546
0.138757
0.188346
0.237044
0.284586
0.330717
0.375179
0.41773
0.458139
0.496176
0.531635
0.564313
0.594028
0.620615
0.643919
0.663807
0.680162
0.692889
0.701907
0.70716
0.708609
0.706237
0.700047
0.690063
0.676328
0.658909
0.637891
0.613376
0.58549
0.554373
0.520187
0.483105
0.443327
0.401054
0.356514
0.309937
0.261574
0.21168
0.160514
0.108358
0.0554913
0.0021918
-0.051248
-0.104543
-0.157407
-0.209549
-0.26069
-0.310547
-0.358852
-0.405336
-0.449746
-0.491839
-0.531382
-0.568149
-0.601941
-0.632564
-0.659848
-0.683638
-0.703795
-0.720204
-0.732765
-0.7414
-0.746056
-0.746696
-0.743308
-0.735901
-0.724505
-0.709171
-0.689973
-0.667007
-0.640385
-0.610246
-0.57674
-0.540043
-0.500342
-0.45785
-0.412785
-0.365388
-0.315904
-0.264603
-0.211752
-0.157629
-0.102531
-0.0467538
0.00940953
0.0656506
0.121669
0.177164
0.231835
0.285377
0.337506
0.387932
0.436382
0.482592
0.526302
0.567277
0.605284
0.64011
0.671562
0.699464
0.723654
0.743996
0.76037
0.772677
0.780843
0.784815
0.78456
0.780072
0.771363
0.758472
0.741459
0.720406
0.69542
0.666623
0.634163
0.598211
0.558943
0.516573
0.471325
0.423428
0.373138
0.320721
0.266462
0.210638
0.153553
0.0955171
0.0368305
-0.0221858
-0.0812076
-0.139929
-0.198025
-0.255182
-0.311089
-0.36544
-0.417935
-0.468296
-0.516241
-0.561507
-0.603842
-0.643012
-0.678794
-0.710997
-0.739433
-0.763942
-0.78438
-0.800634
-0.812601
-0.82021
-0.82341
-0.822174
-0.816499
-0.806406
-0.791939
-0.77317
-0.750187
-0.723106
-0.692068
-0.657226
-0.618763
-0.576883
-0.531795
-0.483742
-0.432974
-0.379768
-0.324393
-0.267149
-0.208342
-0.148285
-0.0872993
-0.0257194
0.0361367
0.0979293
0.159318
0.219991
0.279598
0.337817
0.394343
0.44886
0.501065
0.550682
0.597432
0.641057
0.681311
0.717978
0.750847
0.779732
0.804472
0.824924
0.840968
0.852508
0.859472
0.861814
0.859511
0.852565
0.841007
0.824884
0.804279
0.779294
0.750051
0.716701
0.679415
0.638391
0.593829
0.545981
0.495085
0.441412
0.385249
0.326898
0.266658
0.204856
0.141823
0.0778959
0.0134186
-0.0512556
-0.115791
-0.179834
-0.243029
-0.305048
-0.365546
-0.424189
-0.480668
-0.534667
-0.585891
-0.634057
-0.678899
-0.720164
-0.757631
-0.791086
-0.82034
-0.845224
-0.865601
-0.88135
-0.892373
-0.898604
-0.9
-0.896544
-0.888244
-0.875135
-0.857281
-0.834765
-0.8077
-0.776225
-0.740504
-0.700713
-0.657064
-0.609784
-0.559121
-0.505342
-0.448737
-0.389594
-0.328234
-0.264989
0
6.56492e-05
