-0.115101
0
2.81988e-05
0.000112742
0.000253473
0.000450126
0.000702334
0.00100962
0.00137142
0.00178704
0.00225571
0.00277654
0.00334855
0.00397067
0.00464171
0.0053604
0.00612538
0.00693519
0.00778829
0.00868305
0.00961774
0.0105906
0.0115997
0.0126431
0.0137187
0.0148246
0.0159584
0.017118
0.018301
0.0195052
0.020728
0.0219671
0.0232199
0.0244839
0.0257564
0.0270349
0.0283165
0.0295988
0.0308788
0.032154
0.0334214
0.0346784
0.0359222
0.0371498
0.0383586
0.0395458
0.0407086
0.0418441
0.0429497
0.0440226
0.0450601
0.0460594
0.047018
0.0479332
0.0488024
0.0496231
0.0503928
0.0511091
0.0517696
0.0523719
0.0529138
0.0533932
0.0538078
0.0541556
0.0544348
0.0546433
0.0547795
0.0548415
0.0548277
0.0547367
0.054567
0.0543172
0.0539861
0.0535726
0.0530757
0.0524945
0.0518281
0.0510759
0.0502372
0.0493118
0.0482991
0.047199
0.0460114
0.0447364
0.043374
0.0419246
0.0403885
0.0387664
0.0370587
0.0352663
0.0333902
0.0314313
0.0293908
0.02727
0.0250702
0.0227931
0.0204402
0.0180134
0.0155145
0.0129455
0.0103086
0.00760602
0.00484011
0.00201335
-0.000871676
-0.00381228
-0.00680568
-0.00984894
-0.0129391
-0.0160731
-0.0192477
-0.0224596
-0.0257056
-0.028982
-0.0322855
-0.0356124
-0.038959
-0.0423216
-0.0456965
-0.0490796
-0.0524672
-0.0558552
-0.0592396
-0.0626164
-0.0659814
-0.0693306
-0.0726597
-0.0759647
-0.0792412
-0.0824851
-0.0856921
-0.0888581
-0.0919788
-0.09505
-0.0980675
-0.101027
-0.103925
-0.106756
-0.109517
-0.112203
-0.114812
-0.117338
-0.119777
-0.122126
-0.124382
-0.12654
-0.128596
-0.130548
-0.132391
-0.134122
-0.135738
-0.137236
-0.138613
-0.139865
-0.140989
-0.141984
-0.142846
-0.143572
-0.144161
-0.14461
-0.144916
-0.145079
-0.145096
-0.144965
-0.144685
-0.144254
-0.143671
-0.142935
-0.142046
-0.141001
-0.139802
-0.138447
-0.136935
-0.135268
-0.133445
-0.131466
-0.129331
-0.127042
-0.124599
-0.122003
-0.119255
-0.116356
-0.113309
-0.110114
-0.106773
-0.103289
-0.0996633
-0.0958987
-0.0919976
-0.0879628
-0.083797
-0.0795033
-0.0750851
-0.0705454
-0.0658882
-0.0611169
-0.0562355
-0.0512477
-0.046158
-0.0409705
-0.0356898
-0.0303204
-0.0248668
-0.0193343
-0.0137275
-0.00805156
-0.00231178
0.00348656
0.00933793
0.0152371
0.021178
0.0271554
0.033163
0.0391952
0.045246
0.0513094
0.0573792
0.0634493
0.0695134
0.0755655
0.0815991
0.0876079
0.0935857
0.0995258
0.105422
0.111268
0.117058
0.122785
0.128442
0.134023
0.139523
0.144935
0.150252
0.155468
0.160578
0.165575
0.170453
0.175206
0.179829
0.184316
0.188661
0.192858
0.196903
0.200789
0.204513
0.208068
0.211449
0.214653
0.217674
0.220508
0.223151
0.225598
0.227845
0.229889
0.231727
0.233353
0.234767
0.235963
0.23694
0.237695
0.238226
0.238529
0.238604
0.238449
0.238061
0.23744
0.236584
0.235492
0.234165
0.232601
0.2308
0.228763
0.22649
0.223981
0.221236
0.218258
0.215048
0.211606
0.207935
0.204037
0.199913
0.195567
0.191001
0.186219
0.181223
0.176016
0.170604
0.164988
0.159175
0.153167
0.14697
0.140588
0.134027
0.127292
0.120388
0.113321
0.106096
0.0987201
0.0911994
0.0835402
0.075749
0.0678328
0.0597987
0.051653
0.0434042
0.0350587
0.0266242
0.0181089
0.00952038
0.000866864
-0.0078444
-0.0166044
-0.025405
-0.0342382
-0.0430953
-0.0519679
-0.0608474
-0.0697251
-0.0785923
-0.0874402
-0.09626
-0.105043
-0.113781
-0.122464
-0.131084
-0.139632
-0.1481
-0.156477
-0.164757
-0.172929
-0.180986
-0.188919
-0.196719
-0.204378
-0.211888
-0.219241
-0.226428
-0.233442
-0.240274
-0.246917
-0.253364
-0.259606
-0.265638
-0.27145
-0.277038
-0.282393
-0.28751
-0.292383
-0.297003
-0.301368
-0.305469
-0.309302
-0.312863
-0.316144
-0.319143
-0.321854
-0.324273
-0.326397
-0.328221
-0.329742
-0.330957
-0.331864
-0.332458
-0.33274
-0.332705
-0.332353
-0.331682
-0.330691
-0.32938
-0.327747
-0.325794
-0.323519
-0.320923
-0.318008
-0.314774
-0.311223
-0.307356
-0.303176
-0.298685
-0.293886
-0.288781
-0.283374
-0.277669
-0.27167
-0.265381
-0.258806
-0.251951
-0.24482
-0.237419
-0.229753
-0.22183
-0.213655
-0.205233
-0.196575
-0.187684
-0.17857
-0.16924
-0.159701
-0.149963
-0.140032
-0.129918
-0.119631
-0.109177
-0.0985677
-0.0878121
-0.0769192
-0.0658992
-0.054762
-0.0435177
-0.0321767
-0.0207491
-0.00924644
0.0023216
0.0139439
0.0256095
0.037307
0.0490261
0.0607556
0.0724836
0.0841988
0.0958906
0.107548
0.119158
0.13071
0.142193
0.153596
0.164907
0.176115
0.187209
0.198176
0.209007
0.219691
0.230216
0.240571
0.250746
0.260731
0.270514
0.280086
0.289437
0.298555
0.307432
0.316059
0.324425
0.332521
0.340339
0.347869
0.355104
0.362035
0.368654
0.374953
0.380925
0.386562
0.391859
0.396807
0.401402
0.405636
0.409505
0.413003
0.416125
0.418867
0.421223
0.423192
0.424767
0.425948
0.42673
0.427111
0.427089
0.426663
0.425831
0.424593
0.422947
0.420893
0.418433
0.415565
0.412292
0.408615
0.404536
0.400056
0.395179
0.389908
0.384245
0.378195
0.371762
0.364951
0.357765
0.350212
0.342295
0.334022
0.325399
0.316433
0.30713
0.297499
0.287547
0.277283
0.266714
0.25585
0.2447
0.233273
0.22158
0.20963
0.197434
0.185002
0.172345
0.159475
0.146402
0.133139
0.119697
0.106089
0.0923275
0.0784235
0.0643905
0.0502414
0.0359897
0.0216472
0.00722857
-0.00725324
-0.0217847
-0.0363516
-0.0509412
-0.0655396
-0.0801322
-0.0947053
-0.109245
-0.123737
-0.138168
-0.152525
-0.166791
-0.180955
-0.195002
-0.208918
-0.222689
-0.236301
-0.249743
-0.263001
-0.276058
-0.288904
-0.301525
-0.313909
-0.326043
-0.337914
-0.349511
-0.36082
-0.371831
-0.382531
-0.392909
-0.402955
-0.412657
-0.422007
-0.430991
-0.439602
-0.447828
-0.455662
-0.463095
-0.470117
-0.476722
-0.4829
-0.488645
-0.493949
-0.498806
-0.50321
-0.507155
-0.510635
-0.513646
-0.516182
-0.518241
-0.519818
-0.52091
-0.521514
-0.521629
-0.521251
-0.520381
-0.519016
-0.517157
-0.514804
-0.511957
-0.508616
-0.504785
-0.500463
-0.495655
-0.490362
-0.484588
-0.478338
-0.471615
-0.464423
-0.456768
-0.448657
-0.440094
-0.431088
-0.421644
-0.41177
-0.401473
-0.390764
-0.379649
-0.368139
-0.356243
-0.34397
-0.331332
-0.318339
-0.305002
-0.291333
-0.277343
-0.263045
-0.248452
-0.233576
-0.218428
-0.203026
-0.187381
-0.171508
-0.155421
-0.139133
-0.122661
-0.106018
-0.0892219
-0.0722862
-0.055227
-0.03806
-0.0208011
-0.00346744
0.013928
0.0313657
0.0488304
0.0663056
0.0837736
0.10122
0.118628
0.135979
0.153259
0.170448
0.187533
0.204495
0.221319
0.237988
0.254485
0.270796
0.286902
0.30279
0.318442
0.333844
0.348978
0.363833
0.378392
0.39264
0.406562
0.420144
0.433374
0.446236
0.458718
0.470808
0.482491
0.493755
0.504589
0.514982
0.524921
0.534396
0.543398
0.551915
0.559939
0.567459
0.574468
0.580958
0.58692
0.592348
0.597235
0.601573
0.605359
0.608586
0.611249
0.613345
0.61487
0.61582
0.616194
0.615988
0.615202
0.613834
0.611884
0.609352
0.606239
0.602546
0.598276
0.593429
0.588009
0.582019
0.575464
0.568348
0.560676
0.552454
0.543687
0.534384
0.52455
0.514194
0.503323
0.491947
0.480075
0.467717
0.454883
0.441584
0.42783
0.413634
0.399008
0.383965
0.368517
0.352678
0.336462
0.319883
0.302954
0.285693
0.268115
0.250234
0.232066
0.21363
0.19494
0.176012
0.156867
0.137519
0.11799
0.098293
0.0784485
0.0584745
0.0383885
0.0182127
-0.00203779
-0.0223427
-0.0426832
-0.0630399
-0.0833938
-0.103727
-0.124017
-0.144247
-0.164397
-0.184447
-0.204379
-0.224174
-0.243813
-0.263277
-0.282544
-0.301599
-0.320423
-0.338996
-0.357301
-0.37532
-0.393035
-0.410428
-0.427482
-0.44418
-0.460505
-0.47644
-0.491971
-0.507082
-0.521756
-0.535978
-0.549733
-0.563009
-0.575791
-0.588066
-0.59982
-0.611041
-0.621717
-0.631837
-0.64139
-0.650365
-0.658752
-0.666542
-0.673725
-0.680294
-0.68624
-0.691556
-0.696236
-0.700274
-0.703664
-0.706401
-0.70848
-0.709899
-0.710655
-0.710744
-0.710165
-0.708917
-0.706999
-0.704411
-0.701154
-0.69723
-0.69264
-0.687388
-0.681474
-0.674906
-0.667686
-0.65982
-0.651314
-0.642174
-0.632406
-0.622019
-0.611021
-0.599421
-0.587228
-0.574452
-0.561103
-0.547194
-0.532736
-0.517738
-0.502218
-0.486186
-0.469657
-0.452646
-0.435166
-0.417234
-0.398863
-0.380073
-0.360879
-0.341298
-0.321347
-0.301045
-0.280409
-0.259459
-0.238213
-0.216691
-0.194912
-0.172896
-0.150664
-0.128235
-0.10563
-0.0828706
-0.0599781
-0.0369747
-0.0138789
0.00928624
0.0324991
0.0557379
0.0789808
0.102206
0.12539
0.148513
0.171553
0.194488
0.217296
0.239954
0.262441
0.284735
0.306815
0.328659
0.350247
0.371558
0.392573
0.413266
0.433621
0.453617
0.473234
0.492454
0.511256
0.529621
0.547533
0.564973
0.581924
0.598368
0.614288
0.629668
0.644494
0.658749
0.672417
0.685486
0.697941
0.709771
0.72096
0.7315
0.741376
0.750578
0.759097
0.766922
0.774045
0.780456
0.78615
0.791119
0.795356
0.798855
0.801612
0.803622
0.804883
0.805389
0.805141
0.804135
0.802372
0.799851
0.796573
0.79254
0.787752
0.782214
0.775928
0.7689
0.761133
0.752635
0.743409
0.733465
0.722809
0.71145
0.699398
0.686662
0.673252
0.65918
0.644457
0.629095
0.613108
0.59651
0.579315
0.561538
0.543193
0.524299
0.504869
0.484922
0.464475
0.443547
0.422157
0.400322
0.378065
0.355399
0.332353
0.308945
0.285194
0.261124
0.236755
0.212111
0.187212
0.162085
0.13675
0.111232
0.0855542
0.0597416
0.0338152
0.00780087
-0.0182772
-0.0443945
-0.0705266
-0.096649
-0.122735
-0.148764
-0.174713
-0.200548
-0.226252
-0.251799
-0.277164
-0.302324
-0.327253
-0.351928
-0.376324
-0.40042
-0.424192
-0.447616
-0.470669
-0.493329
-0.515576
-0.537384
-0.558734
-0.579603
-0.599973
-0.619823
-0.639133
-0.657883
-0.676057
-0.693632
-0.710593
-0.726923
-0.742605
-0.757621
-0.771958
-0.7856
-0.798534
-0.810744
-0.822219
-0.832946
-0.842912
-0.852109
-0.860525
-0.86815
-0.874976
-0.880994
-0.886198
-0.890581
-0.894137
-0.89686
-0.898748
-0.899795
-0.9
-0.899361
-0.897876
-0.895545
-0.892368
-0.888348
-0.883485
-0.877783
-0.871247
-0.863878
-0.855684
-0.846669
-0.836842
-0.826209
-0.814779
-0.802562
-0.789566
-0.775803
-0.761284
-0.746021
-0.730027
-0.713317
-0.695903
-0.677801
-0.659027
-0.639596
-0.619527
-0.598837
-0.577542
-0.555663
-0.533219
-0.51023
-0.486716
-0.462697
-0.438198
-0.413239
-0.387843
-0.362034
-0.335833
-0.309265
-0.282355
-0.255126
-0.227605
-0.199815
-0.171786
-0.143538
-0.115101
0
2.81988e-05
