-0.222781
0
5.49648e-05
0.000219448
0.000492218
0.000871229
0.00135363
0.0019358
0.00261333
0.00338108
0.00423321
0.00516317
0.00616381
0.00722735
0.00834545
0.00950928
0.0107095
0.0119365
0.0131802
0.0144302
0.0156759
0.0169066
0.0181115
0.0192796
0.0204001
0.0214621
0.0224551
0.0233686
0.0241925
0.024917
0.0255326
0.0260305
0.0264023
0.02664
0.0267366
0.0266855
0.026481
0.026118
0.0255924
0.0249008
0.0240407
0.0230107
0.0218101
0.0204393
0.0188996
0.0171932
0.0153236
0.0132948
0.0111122
0.00878197
0.00631126
0.00370813
0.00098156
-0.00185859
-0.00480161
-0.00783606
-0.0109496
-0.0141295
-0.0173619
-0.0206329
-0.0239275
-0.0272308
-0.0305271
-0.0338004
-0.0370347
-0.0402136
-0.0433206
-0.0463393
-0.0492533
-0.0520462
-0.054702
-0.057205
-0.0595398
-0.0616913
-0.0636453
-0.0653879
-0.0669061
-0.0681876
-0.0692207
-0.0699951
-0.0705009
-0.0707297
-0.070674
-0.0703273
-0.0696846
-0.0687417
-0.0674962
-0.0659466
-0.0640928
-0.0619362
-0.0594795
-0.0567267
-0.0536832
-0.050356
-0.0467531
-0.0428841
-0.0387599
-0.0343927
-0.029796
-0.0249846
-0.0199742
-0.014782
-0.00942595
-0.00392534
0.00169978
0.00742846
0.0132389
0.0191086
0.0250146
0.0309332
0.0368401
0.0427111
0.0485214
0.0542462
0.0598606
0.0653398
0.0706594
0.0757946
0.0807218
0.0854174
0.0898586
0.0940233
0.0978899
0.101438
0.104649
0.107503
0.109985
0.112077
0.113766
0.115038
0.115883
0.116289
0.11625
0.115758
0.114808
0.113399
0.111528
0.109196
0.106406
0.103163
0.099473
0.0953439
0.0907864
0.0858124
0.080436
0.0746728
0.0685404
0.0620581
0.0552467
0.0481286
0.040728
0.0330702
0.0251822
0.017092
0.00882855
0.000422618
-0.00809508
-0.016692
-0.0253357
-0.0339927
-0.0426293
-0.0512114
-0.0597043
-0.0680743
-0.0762865
-0.0843073
-0.0921028
-0.0996396
-0.106886
-0.113809
-0.120379
-0.126565
-0.132339
-0.137674
-0.142544
-0.146924
-0.150793
-0.154128
-0.156912
-0.159127
-0.160758
-0.161792
-0.162219
-0.16203
-0.16122
-0.159785
-0.157724
-0.155037
-0.151729
-0.147806
-0.143277
-0.138152
-0.132446
-0.126174
-0.119356
-0.112011
-0.104162
-0.0958352
-0.0870576
-0.0778585
-0.0682692
-0.058323
-0.0480543
-0.0375001
-0.0266978
-0.015687
-0.00450787
0.00679799
0.0181881
0.0296199
0.0410491
0.0524323
0.0637247
0.074882
0.0858604
0.0966158
0.107105
0.117285
0.127113
0.136549
0.145553
0.154087
0.162113
0.169595
0.176501
0.182799
0.188459
0.193454
0.197758
0.201349
0.204208
0.206317
0.20766
0.208227
0.208009
0.207
0.205196
0.202599
0.19921
0.195038
0.19009
0.18438
0.177923
0.170737
0.162844
0.154269
0.145038
0.135182
0.124733
0.113727
0.1022
0.090193
0.0777481
0.0649089
0.0517212
0.0382334
0.024494
0.0105536
-0.00353614
-0.0177223
-0.0319522
-0.0461713
-0.0603251
-0.0743596
-0.0882202
-0.101853
-0.115203
-0.12822
-0.140848
-0.153039
-0.164742
-0.175909
-0.186494
-0.196451
-0.205739
-0.214317
-0.222147
-0.229194
-0.235426
-0.240813
-0.245328
-0.248947
-0.251652
-0.253424
-0.254251
-0.254123
-0.253034
-0.25098
-0.247963
-0.243989
-0.239064
-0.233202
-0.226418
-0.218732
-0.210166
-0.200748
-0.190507
-0.179477
-0.167694
-0.155198
-0.142032
-0.128241
-0.113874
-0.0989802
-0.0836146
-0.067831
-0.0516866
-0.0352414
-0.0185552
-0.00169047
0.0152916
0.0323256
0.0493474
0.0662933
0.0830979
0.0996966
0.116025
0.13202
0.147618
0.162757
0.177378
0.191422
0.204831
0.217551
0.229531
0.240718
0.251067
0.260532
0.269073
0.276651
0.283232
0.288785
0.293282
0.296701
0.299021
0.300228
0.30031
0.29926
0.297075
0.293757
0.289311
0.283749
0.277084
0.269335
0.260526
0.250683
0.239837
0.228024
0.215283
0.201657
0.187193
0.17194
0.155951
0.139283
0.121995
0.10415
0.0858104
0.0670442
0.0479203
0.0285078
0.00887914
-0.0108927
-0.0307336
-0.0505695
-0.0703242
-0.0899225
-0.109291
-0.128354
-0.147037
-0.165269
-0.182978
-0.200094
-0.216549
-0.232277
-0.247215
-0.261303
-0.274481
-0.286697
-0.297898
-0.308037
-0.317069
-0.324956
-0.33166
-0.337151
-0.341401
-0.344388
-0.346094
-0.346506
-0.345615
-0.343418
-0.339917
-0.335119
-0.329034
-0.321679
-0.313076
-0.30325
-0.292233
-0.28006
-0.266771
-0.252411
-0.237028
-0.220677
-0.203412
-0.185295
-0.166391
-0.146767
-0.126493
-0.105642
-0.0842913
-0.0625179
-0.0404015
-0.0180261
0.00452728
0.0271736
0.0498279
0.0724041
0.0948178
0.116984
0.138816
0.16023
0.181144
0.201478
0.22115
0.240084
0.258204
0.275439
0.291719
0.306979
0.321157
0.334192
0.346031
0.356625
0.365926
0.373894
0.380492
0.385691
0.389462
0.391786
0.392648
0.392036
0.389948
0.386383
0.381349
0.374858
0.366928
0.357583
0.34685
0.334765
0.321367
0.3067
0.290814
0.273764
0.255609
0.236412
0.216241
0.195167
0.173266
0.150619
0.127304
0.103409
0.0790204
0.0542285
0.0291255
0.00380312
-0.0216435
-0.0471188
-0.0725263
-0.0977723
-0.122758
-0.14739
-0.171574
-0.195215
-0.218224
-0.240511
-0.261988
-0.282571
-0.302179
-0.320735
-0.338163
-0.354394
-0.369359
-0.383
-0.395258
-0.406082
-0.415425
-0.423245
-0.429507
-0.434181
-0.437242
-0.438673
-0.438461
-0.436601
-0.433092
-0.427942
-0.421162
-0.412773
-0.402798
-0.391269
-0.378224
-0.363704
-0.34776
-0.330445
-0.311819
-0.291948
-0.2709
-0.24875
-0.225577
-0.201465
-0.176501
-0.150775
-0.12438
-0.097415
-0.0699786
-0.0421699
-0.0140948
0.0141429
0.0424376
0.070682
0.0987715
0.1266
0.154059
0.181046
0.207456
0.233189
0.258144
0.282226
0.30534
0.327395
0.348304
0.367984
0.386357
0.403348
0.418888
0.432916
0.445368
0.456195
0.465349
0.472789
0.478482
0.482398
0.484518
0.484826
0.483314
0.479981
0.474834
0.467884
0.459152
0.448663
0.43645
0.422554
0.407021
0.389903
0.371257
0.35115
0.329648
0.306835
0.282785
0.257587
0.231331
0.204111
0.176028
0.147183
0.117682
0.0876333
0.0571488
0.0263412
-0.00467272
-0.035781
-0.0668671
-0.0978099
-0.128495
-0.158803
-0.188624
-0.217841
-0.246343
-0.274019
-0.300763
-0.326471
-0.351043
-0.374382
-0.396397
-0.417
-0.436107
-0.453645
-0.469539
-0.483725
-0.496144
-0.506742
-0.515475
-0.522303
-0.527193
-0.53012
-0.531068
-0.530025
-0.526988
-0.521964
-0.514963
-0.506005
-0.495118
-0.482336
-0.4677
-0.45126
-0.433073
-0.413198
-0.391704
-0.36867
-0.344176
-0.318311
-0.291164
-0.262834
-0.233424
-0.20304
-0.171795
-0.139804
-0.107183
-0.0740529
-0.0405369
-0.00676174
0.0271529
0.0610736
0.094875
0.12843
0.161609
0.194291
0.226348
0.25766
0.288106
0.317566
0.34593
0.373086
0.398928
0.423356
0.446273
0.467587
0.487215
0.505076
0.521098
0.535215
0.547368
0.557505
0.565583
0.571562
0.575416
0.577123
0.576669
0.57405
0.569269
0.562336
0.553272
0.542104
0.528867
0.513605
0.496368
0.477218
0.456215
0.433437
0.408963
0.38288
0.355282
0.326265
0.295936
0.264402
0.231782
0.198196
0.163763
0.128611
0.0928707
0.0566741
0.0201538
-0.0165496
-0.0533009
-0.0899623
-0.126396
-0.162461
-0.198027
-0.232958
-0.267117
-0.300375
-0.332602
-0.363679
-0.393484
-0.4219
-0.448817
-0.474129
-0.497737
-0.519547
-0.539471
-0.55743
-0.57335
-0.587165
-0.598819
-0.608259
-0.615445
-0.620344
-0.622929
-0.623184
-0.621103
-0.616686
-0.609942
-0.600892
-0.589561
-0.575986
-0.560211
-0.54229
-0.522282
-0.500259
-0.476297
-0.450481
-0.422901
-0.393658
-0.362855
-0.330601
-0.297018
-0.262226
-0.226355
-0.189533
-0.151895
-0.113583
-0.0747351
-0.0355031
0.00397389
0.0435459
0.0830647
0.122382
0.161349
0.199821
0.237648
0.274687
0.310799
0.345842
0.379687
0.412201
0.443257
0.472738
0.500524
0.526509
0.550591
0.572673
0.592667
0.610493
0.626078
0.639356
0.650273
0.65878
0.66484
0.668422
0.669507
0.668084
0.664152
0.657718
0.6488
0.637426
0.62363
0.607459
0.588965
0.568215
0.545279
0.520236
0.493176
0.464195
0.433397
0.40089
0.366795
0.331236
0.294341
0.256247
0.217091
0.177017
0.136173
0.0947139
0.052794
0.0105644
-0.0318147
-0.0741845
-0.116386
-0.15826
-0.19965
-0.240397
-0.280349
-0.319351
-0.357257
-0.393918
-0.429203
-0.462964
-0.495076
-0.525412
-0.553857
-0.580297
-0.604629
-0.626755
-0.646588
-0.664046
-0.679058
-0.691562
-0.701505
-0.708842
-0.71354
-0.715574
-0.71493
-0.711603
-0.7056
-0.696937
-0.685638
-0.671741
-0.655288
-0.636339
-0.614957
-0.591216
-0.565198
-0.536997
-0.506712
-0.474453
-0.440335
-0.404481
-0.367023
-0.328096
-0.287843
-0.246412
-0.203953
-0.160628
-0.116594
-0.0720181
-0.0270607
0.0181078
0.0633184
0.108402
0.153188
0.197509
0.241194
0.284083
0.326011
0.366817
0.40635
0.444451
0.480978
0.51579
0.548751
0.579732
0.608615
0.635286
0.659642
0.681579
0.701013
0.717866
0.732068
0.743559
0.752289
0.758219
0.761322
0.761577
0.758978
0.753527
0.745238
0.734136
0.720255
0.703642
0.684352
0.662452
0.638016
0.611132
0.581894
0.550404
0.516779
0.481138
0.443611
0.404334
0.36345
0.321112
0.27747
0.232686
0.186927
0.140362
0.0931629
0.0455064
-0.00242706
-0.0504704
-0.0984285
-0.146124
-0.193385
-0.240028
-0.285878
-0.33076
-0.374507
-0.416948
-0.457921
-0.497271
-0.534846
-0.570499
-0.604096
-0.635504
-0.664601
-0.691272
-0.715412
-0.736923
-0.755722
-0.77173
-0.78488
-0.795119
-0.802399
-0.806688
-0.807962
-0.806211
-0.801433
-0.793642
-0.782858
-0.769115
-0.752459
-0.732946
-0.710642
-0.685625
-0.657985
-0.627812
-0.595223
-0.560333
-0.523265
-0.484153
-0.443142
-0.400379
-0.35602
-0.310232
-0.263181
-0.215041
-0.16599
-0.116214
-0.065891
-0.0152119
0.0356342
0.0864567
0.137065
0.187269
0.236876
0.285706
0.333575
0.380288
0.42568
0.469573
0.5118
0.552199
0.590615
0.6269
0.66091
0.692517
0.721597
0.748033
0.771723
0.79257
0.810491
0.825412
0.83727
0.846016
0.851609
0.854022
0.853239
0.849257
0.842083
0.831739
0.818255
0.801676
0.782058
0.759469
0.733985
0.705697
0.674705
0.64112
0.605062
0.566661
0.52606
0.4834
0.438834
0.39254
0.344676
0.295422
0.244958
0.193472
0.141156
0.088199
0.0348062
-0.0188267
-0.0724991
-0.126006
-0.179154
-0.23174
-0.283564
-0.334431
-0.384148
-0.432528
-0.479381
-0.524536
-0.567818
-0.609061
-0.648103
-0.684795
-0.718995
-0.750569
-0.779395
-0.805357
-0.828355
-0.848293
-0.865093
-0.878683
-0.889008
-0.896023
-0.899694
-0.9
-0.896934
-0.890501
-0.880718
-0.867615
-0.851235
-0.831631
-0.808873
-0.783036
-0.754215
-0.722511
-0.688036
-0.650917
-0.611283
-0.569281
-0.525062
-0.478789
-0.43063
-0.380763
-0.329374
-0.276647
-0.222781
0
5.49648e-05
