-0.243909
0
6.02973e-05
0.000240643
0.000539404
0.000953868
0.00148026
0.00211379
0.00284864
0.00367806
0.00459436
0.005589
0.00665264
0.00777519
0.00894591
0.0101534
0.0113859
0.012631
0.0138761
0.0151083
0.0163146
0.0174817
0.0185965
0.0196461
0.0206176
0.0214985
0.0222767
0.0229406
0.0234793
0.0238822
0.0241398
0.0242433
0.0241848
0.0239573
0.023555
0.0229731
0.0222079
0.021257
0.020119
0.0187941
0.0172835
0.0155899
0.013717
0.0116702
0.00945584
0.00708177
0.00455702
0.00189182
-0.000902418
-0.00381315
-0.00682673
-0.00992853
-0.013103
-0.0163337
-0.0196033
-0.0228941
-0.0261875
-0.0294645
-0.0327058
-0.0358917
-0.0390023
-0.0420179
-0.0449185
-0.0476846
-0.0502968
-0.0527362
-0.0549844
-0.0570236
-0.0588369
-0.0604083
-0.0617225
-0.0627655
-0.0635246
-0.0639881
-0.064146
-0.0639894
-0.0635113
-0.062706
-0.0615695
-0.0600998
-0.0582963
-0.0561603
-0.0536951
-0.0509056
-0.0477986
-0.0443828
-0.0406685
-0.0366682
-0.0323958
-0.027867
-0.0230992
-0.0181115
-0.0129242
-0.00755931
-0.00204013
0.00360885
0.00936205
0.0151926
0.0210732
0.0269753
0.03287
0.038728
0.0445194
0.0502143
0.0557827
0.0611945
0.0664204
0.071431
0.0761978
0.0806928
0.0848893
0.0887611
0.0922838
0.0954337
0.0981892
0.10053
0.102437
0.103895
0.104887
0.105403
0.105431
0.104963
0.103993
0.102518
0.100537
0.0980509
0.0950642
0.0915832
0.087617
0.0831772
0.0782776
0.0729349
0.0671679
0.0609978
0.0544483
0.0475451
0.0403157
0.0327903
0.025
0.0169786
0.00876089
0.000383087
-0.00811692
-0.0167005
-0.0253281
-0.0339592
-0.0425528
-0.0510679
-0.0594627
-0.067696
-0.0757266
-0.0835137
-0.0910171
-0.0981978
-0.105018
-0.111439
-0.117428
-0.122949
-0.127972
-0.132465
-0.136401
-0.139755
-0.142503
-0.144626
-0.146105
-0.146925
-0.147076
-0.146547
-0.145334
-0.143434
-0.140848
-0.137579
-0.133636
-0.129029
-0.123771
-0.117881
-0.111377
-0.104285
-0.0966299
-0.0884415
-0.0797525
-0.0705977
-0.0610149
-0.0510441
-0.0407275
-0.03011
-0.0192373
-0.00815807
0.00307872
0.0144221
0.0258206
0.0372213
0.0485711
0.0598164
0.0709042
0.0817811
0.0923939
0.102691
0.112621
0.122134
0.131182
0.139717
0.147696
0.155075
0.161814
0.167876
0.173225
0.177831
0.181665
0.1847
0.186916
0.188295
0.188821
0.188486
0.187281
0.185205
0.182258
0.178448
0.173782
0.168276
0.161946
0.154815
0.146908
0.138255
0.12889
0.118849
0.108172
0.0969043
0.0850919
0.0727844
0.0600348
0.0468979
0.0334317
0.0196949
0.00574864
-0.00834377
-0.0225193
-0.0367126
-0.0508582
-0.0648907
-0.0787451
-0.0923547
-0.105655
-0.118582
-0.131073
-0.143067
-0.154505
-0.165329
-0.175484
-0.184919
-0.193583
-0.20143
-0.208419
-0.21451
-0.219668
-0.223861
-0.227063
-0.229251
-0.230407
-0.230518
-0.229575
-0.227575
-0.224518
-0.220411
-0.215264
-0.209093
-0.201919
-0.193768
-0.184669
-0.174657
-0.163771
-0.152056
-0.139558
-0.12633
-0.112426
-0.0979072
-0.0828337
-0.067272
-0.0512893
-0.0349569
-0.0183467
-0.00153234
0.0154086
0.0324007
0.0493652
0.066225
0.0829009
0.099316
0.115392
0.131054
0.146227
0.160836
0.174814
0.188088
0.200595
0.212272
0.223059
0.232901
0.241747
0.249549
0.256264
0.261854
0.266286
0.269533
0.271571
0.272383
0.271957
0.270287
0.267373
0.263219
0.257837
0.251244
0.243462
0.234519
0.224448
0.213289
0.201086
0.187887
0.173748
0.158726
0.142886
0.126294
0.109022
0.0911453
0.072741
0.0538912
0.034679
0.01519
-0.00448871
-0.0242677
-0.0440564
-0.0637661
-0.0833037
-0.10258
-0.121505
-0.139991
-0.157949
-0.175294
-0.191945
-0.207819
-0.22284
-0.236935
-0.250033
-0.262067
-0.272978
-0.282709
-0.291208
-0.29843
-0.304333
-0.308884
-0.312053
-0.313819
-0.314164
-0.313081
-0.310564
-0.306619
-0.301253
-0.294485
-0.286338
-0.27684
-0.266027
-0.253943
-0.240634
-0.226155
-0.210566
-0.193931
-0.176322
-0.157812
-0.138483
-0.118417
-0.0977025
-0.0764301
-0.0546949
-0.0325932
-0.0102233
0.0123128
0.0349143
0.0574771
0.0798997
0.102076
0.123906
0.145288
0.166121
0.186307
0.20575
0.224359
0.242043
0.258718
0.274302
0.288717
0.301893
0.313762
0.324264
0.333344
0.340953
0.347049
0.351596
0.354566
0.355937
0.355695
0.353833
0.350351
0.345257
0.338566
0.330302
0.320493
0.309176
0.296398
0.282207
0.266662
0.249826
0.231772
0.212575
0.192316
0.171084
0.148971
0.126073
0.102491
0.0783285
0.053694
0.028697
0.00344846
-0.0219349
-0.04734
-0.0726505
-0.0977503
-0.122524
-0.146856
-0.170635
-0.193751
-0.216092
-0.237556
-0.258039
-0.277443
-0.295676
-0.312648
-0.328276
-0.342483
-0.355199
-0.366356
-0.375899
-0.383775
-0.389942
-0.394364
-0.397012
-0.397867
-0.396916
-0.394155
-0.389591
-0.383233
-0.375105
-0.365235
-0.35366
-0.340425
-0.325584
-0.309197
-0.29133
-0.272061
-0.251471
-0.229646
-0.206681
-0.182677
-0.157738
-0.131973
-0.105496
-0.0784256
-0.0508816
-0.0229859
0.00513273
0.0333487
0.0615354
0.0895613
0.1173
0.144623
0.171405
0.197521
0.22285
0.247272
0.270675
0.292945
0.313975
0.333669
0.351926
0.36866
0.383787
0.397234
0.40893
0.418817
0.42684
0.432956
0.43713
0.439334
0.43955
0.43777
0.433993
0.428227
0.420493
0.410816
0.399233
0.385789
0.370538
0.353542
0.334871
0.314603
0.292824
0.269628
0.245115
0.21939
0.192568
0.164764
0.136101
0.106709
0.0767143
0.0462536
0.0154635
-0.0155171
-0.0465463
-0.0774865
-0.108193
-0.13853
-0.168352
-0.197526
-0.225915
-0.253385
-0.279811
-0.305066
-0.329034
-0.351596
-0.372647
-0.392086
-0.409816
-0.425752
-0.439814
-0.451932
-0.462041
-0.47009
-0.476033
-0.479836
-0.481474
-0.480931
-0.4782
-0.473288
-0.466207
-0.456982
-0.445648
-0.432247
-0.416834
-0.399469
-0.380226
-0.359188
-0.336439
-0.31208
-0.286215
-0.258956
-0.23042
-0.200735
-0.170031
-0.138446
-0.106116
-0.0731894
-0.0398105
-0.00612925
0.0276984
0.0615192
0.095183
0.128534
0.161419
0.193688
0.225192
0.255785
0.285324
0.31367
0.340692
0.366262
0.390257
0.412564
0.433076
0.451693
0.468322
0.482884
0.495302
0.505514
0.513467
0.519115
0.522425
0.523374
0.521949
0.51815
0.511985
0.503474
0.492647
0.479547
0.464225
0.446744
0.427174
0.4056
0.382109
0.356804
0.329794
0.301197
0.271138
0.239745
0.207161
0.173526
0.138991
0.10371
0.0678415
0.0315481
-0.00501058
-0.0416672
-0.0782533
-0.114609
-0.150559
-0.185945
-0.220602
-0.254372
-0.287097
-0.318624
-0.348811
-0.377508
-0.404586
-0.429914
-0.453373
-0.474849
-0.494238
-0.511446
-0.526388
-0.538988
-0.549181
-0.556914
-0.562143
-0.564837
-0.564976
-0.56255
-0.557563
-0.550029
-0.539975
-0.527437
-0.512466
-0.495122
-0.475474
-0.453607
-0.429613
-0.403595
-0.375663
-0.345938
-0.314552
-0.281637
-0.247346
-0.211824
-0.17523
-0.13773
-0.0994876
-0.060678
-0.0214693
0.0179527
0.0574162
0.0967398
0.135742
0.174249
0.212083
0.249071
0.285037
0.31982
0.353257
0.385189
0.415472
0.44396
0.470518
0.495021
0.517349
0.537398
0.555066
0.570269
0.582929
0.592982
0.600372
0.605059
0.607015
0.606222
0.602674
0.596382
0.587364
0.575654
0.561298
0.544351
0.524885
0.502981
0.478729
0.452235
0.423609
0.39298
0.360478
0.326245
0.290435
0.253201
0.21471
0.175133
0.134651
0.0934389
0.051685
0.00957922
-0.0326929
-0.0749373
-0.116962
-0.158576
-0.199587
-0.23981
-0.279057
-0.317152
-0.353915
-0.389178
-0.422772
-0.45454
-0.484338
-0.512019
-0.537457
-0.560527
-0.581118
-0.59913
-0.614472
-0.62707
-0.636858
-0.643783
-0.647806
-0.648901
-0.647054
-0.642267
-0.634552
-0.623937
-0.610462
-0.59418
-0.575157
-0.55347
-0.529216
-0.502493
-0.473417
-0.442116
-0.408722
-0.373382
-0.336253
-0.297497
-0.257289
-0.215802
-0.173227
-0.129749
-0.085565
-0.0408741
0.00412225
0.049218
0.0942137
0.138902
0.183078
0.226543
0.269098
0.310543
0.350687
0.389349
0.426346
0.461506
0.494666
0.525672
0.554372
0.580632
0.604328
0.625344
0.643577
0.65894
0.671353
0.680753
0.687089
0.690324
0.690436
0.687417
0.681271
0.672018
0.659693
0.644343
0.626031
0.604832
0.580834
0.55414
0.524862
0.493128
0.459077
0.422857
0.384625
0.344553
0.302814
0.259595
0.21509
0.169495
0.123015
0.0758622
0.0282432
-0.0196214
-0.0675204
-0.115236
-0.162547
-0.209239
-0.255097
-0.299915
-0.343482
-0.385603
-0.426081
-0.464726
-0.501359
-0.535807
-0.567912
-0.597519
-0.62449
-0.648696
-0.670018
-0.688354
-0.703614
-0.715718
-0.724607
-0.730231
-0.732556
-0.731564
-0.727252
-0.71963
-0.708726
-0.69458
-0.67725
-0.656803
-0.63333
-0.606926
-0.577708
-0.545796
-0.511332
-0.474467
-0.43536
-0.394183
-0.351122
-0.306362
-0.260108
-0.212561
-0.163935
-0.114453
-0.0643244
-0.0137933
0.0369238
0.0875912
0.137985
0.187872
0.237023
0.285221
0.332236
0.377856
0.421867
0.464072
0.50427
0.542275
0.577913
0.611008
0.641416
0.668981
0.69358
0.715087
0.733405
0.748437
0.76011
0.768364
0.773152
0.774444
0.772227
0.766503
0.757288
0.744619
0.728543
0.709126
0.68645
0.660607
0.631708
0.599876
0.565255
0.527989
0.488243
0.446195
0.402025
0.355934
0.308121
0.258802
0.2082
0.156536
0.104046
0.0509675
-0.00246469
-0.0560094
-0.109418
-0.162447
-0.214862
-0.266421
-0.316884
-0.366026
-0.413615
-0.459444
-0.503283
-0.54494
-0.584219
-0.620934
-0.654917
-0.686004
-0.71405
-0.738921
-0.760495
-0.778669
-0.793352
-0.804469
-0.811963
-0.815792
-0.815929
-0.812367
-0.805113
-0.794193
-0.779647
-0.761534
-0.739926
-0.714917
-0.686613
-0.655132
-0.620614
-0.583205
-0.54307
-0.500388
-0.455341
-0.408133
-0.358974
-0.308079
-0.25568
-0.202005
-0.147296
-0.0918042
-0.0357771
0.0205294
0.0768666
0.132973
0.188599
0.243492
0.297395
0.350062
0.401256
0.45074
0.498282
0.543669
0.586686
0.627133
0.664823
0.699577
0.731234
0.759642
0.784666
0.806181
0.824091
0.8383
0.848737
0.855348
0.858094
0.856956
0.851929
0.843027
0.830287
0.813755
0.793498
0.769601
0.742165
0.711311
0.677164
0.639871
0.599609
0.55654
0.510859
0.462768
0.412485
0.360216
0.306213
0.250717
0.193964
0.136215
0.07773
0.0187732
-0.0403891
-0.099489
-0.158258
-0.21643
-0.273732
-0.329916
-0.384718
-0.437893
-0.489178
-0.538356
-0.585191
-0.629468
-0.670981
-0.709535
-0.744945
-0.777054
-0.805704
-0.830758
-0.852096
-0.869612
-0.883222
-0.892855
-0.898459
-0.9
-0.897464
-0.890854
-0.880192
-0.865518
-0.84689
-0.824386
-0.7981
-0.768143
-0.734644
-0.697753
-0.657621
-0.614429
-0.568366
-0.519635
-0.468458
-0.415051
-0.359658
-0.302526
-0.243909
0
6.02973e-05
