-0.028624
0
6.99698e-06
2.79874e-05
6.29697e-05
0.000111941
0.000174898
0.000251836
0.00034275
0.000447631
0.000566473
0.000699266
0.000846001
0.00100667
0.00118125
0.00136974
0.00157212
0.00178838
0.0020185
0.00226246
0.00252024
0.00279183
0.00307721
0.00337634
0.00368922
0.00401582
0.00435611
0.00471007
0.00507767
0.00545888
0.00585368
0.00626203
0.0066839
0.00711927
0.0075681
0.00803036
0.00850601
0.00899501
0.00949733
0.0100129
0.0105418
0.0110838
0.011639
0.0122074
0.0127888
0.0133832
0.0139907
0.014611
0.0152443
0.0158904
0.0165494
0.017221
0.0179054
0.0186024
0.019312
0.0200342
0.0207688
0.0215159
0.0222754
0.0230471
0.0238312
0.0246274
0.0254358
0.0262562
0.0270887
0.0279331
0.0287894
0.0296575
0.0305374
0.031429
0.0323322
0.033247
0.0341732
0.0351109
0.0360599
0.0370202
0.0379916
0.0389742
0.0399679
0.0409725
0.041988
0.0430144
0.0440514
0.0450992
0.0461575
0.0472263
0.0483056
0.0493952
0.050495
0.051605
0.0527251
0.0538552
0.0549951
0.0561449
0.0573045
0.0584737
0.0596524
0.0608406
0.0620382
0.0632451
0.0644611
0.0656863
0.0669204
0.0681634
0.0694153
0.0706758
0.071945
0.0732226
0.0745087
0.0758031
0.0771057
0.0784164
0.0797352
0.0810618
0.0823962
0.0837383
0.0850881
0.0864453
0.0878098
0.0891817
0.0905607
0.0919468
0.0933398
0.0947397
0.0961463
0.0975595
0.0989792
0.100405
0.101838
0.103276
0.104721
0.106171
0.107628
0.10909
0.110557
0.112031
0.113509
0.114993
0.116482
0.117975
0.119474
0.120978
0.122486
0.123998
0.125515
0.127037
0.128562
0.130092
0.131625
0.133162
0.134703
0.136247
0.137795
0.139346
0.1409
0.142458
0.144018
0.145581
0.147146
0.148714
0.150285
0.151857
0.153432
0.155009
0.156587
0.158168
0.15975
0.161333
0.162918
0.164504
0.166091
0.167679
0.169268
0.170857
0.172447
0.174038
0.175629
0.177219
0.17881
0.180401
0.181991
0.183581
0.185171
0.18676
0.188348
0.189935
0.191521
0.193106
0.194689
0.196271
0.197851
0.19943
0.201006
0.202581
0.204153
0.205723
0.207291
0.208856
0.210418
0.211978
0.213534
0.215087
0.216637
0.218184
0.219726
0.221266
0.222801
0.224333
0.22586
0.227383
0.228901
0.230416
0.231925
0.23343
0.234929
0.236424
0.237913
0.239397
0.240875
0.242348
0.243815
0.245276
0.246731
0.24818
0.249623
0.251059
0.252488
0.253911
0.255327
0.256735
0.258137
0.259531
0.260918
0.262297
0.263669
0.265033
0.266388
0.267736
0.269075
0.270406
0.271729
0.273043
0.274348
0.275644
0.276931
0.278209
0.279477
0.280737
0.281986
0.283226
0.284456
0.285676
0.286886
0.288085
0.289274
0.290453
0.291621
0.292779
0.293925
0.29506
0.296185
0.297298
0.298399
0.299489
0.300567
0.301634
0.302689
0.303731
0.304762
0.30578
0.306786
0.307779
0.30876
0.309727
0.310682
0.311624
0.312553
0.313469
0.314371
0.315259
0.316134
0.316996
0.317843
0.318677
0.319496
0.320301
0.321092
0.321868
0.32263
0.323378
0.32411
0.324828
0.32553
0.326218
0.32689
0.327547
0.328189
0.328815
0.329426
0.33002
0.330599
0.331162
0.331709
0.33224
0.332754
0.333252
0.333734
0.334199
0.334647
0.335079
0.335494
0.335891
0.336272
0.336636
0.336982
0.337311
0.337623
0.337917
0.338193
0.338452
0.338693
0.338916
0.339121
0.339308
0.339477
0.339628
0.339761
0.339875
0.33997
0.340047
0.340105
0.340145
0.340166
0.340168
0.340151
0.340115
0.34006
0.339986
0.339892
0.339779
0.339647
0.339495
0.339324
0.339133
0.338923
0.338692
0.338442
0.338173
0.337883
0.337573
0.337243
0.336893
0.336523
0.336133
0.335722
0.335291
0.33484
0.334368
0.333876
0.333363
0.332829
0.332275
0.3317
0.331105
0.330488
0.329851
0.329193
0.328514
0.327814
0.327093
0.326351
0.325588
0.324804
0.323998
0.323172
0.322324
0.321455
0.320565
0.319653
0.31872
0.317765
0.316789
0.315792
0.314773
0.313733
0.312671
0.311588
0.310483
0.309357
0.308209
0.307039
0.305848
0.304635
0.3034
0.302144
0.300866
0.299567
0.298246
0.296903
0.295538
0.294152
0.292744
0.291314
0.289863
0.28839
0.286895
0.285378
0.28384
0.28228
0.280698
0.279095
0.27747
0.275823
0.274155
0.272465
0.270753
0.26902
0.267265
0.265489
0.263691
0.261871
0.26003
0.258168
0.256284
0.254378
0.252451
0.250503
0.248534
0.246542
0.24453
0.242497
0.240442
0.238366
0.236269
0.23415
0.232011
0.22985
0.227669
0.225466
0.223243
0.220999
0.218734
0.216448
0.214141
0.211814
0.209466
0.207097
0.204708
0.202298
0.199868
0.197418
0.194947
0.192456
0.189945
0.187414
0.184863
0.182292
0.1797
0.177089
0.174458
0.171808
0.169137
0.166448
0.163738
0.161009
0.158261
0.155494
0.152707
0.149902
0.147077
0.144233
0.14137
0.138489
0.135589
0.13267
0.129733
0.126777
0.123803
0.120811
0.1178
0.114772
0.111725
0.108661
0.105578
0.102478
0.0993608
0.0962259
0.0930735
0.0899038
0.0867169
0.0835131
0.0802922
0.0770545
0.0738
0.070529
0.0672413
0.0639373
0.060617
0.0572805
0.0539279
0.0505593
0.0471751
0.043775
0.0403593
0.0369281
0.0334817
0.0300198
0.0265431
0.0230513
0.0195448
0.0160233
0.0124875
0.00893706
0.00537231
0.00179337
-0.00179949
-0.00540642
-0.009027
-0.0126614
-0.0163094
-0.0199707
-0.023645
-0.0273327
-0.0310331
-0.0347464
-0.0384724
-0.0422111
-0.045962
-0.0497252
-0.0535003
-0.0572875
-0.0610864
-0.064897
-0.0687193
-0.0725526
-0.0763972
-0.0802527
-0.0841192
-0.0879964
-0.0918841
-0.0957824
-0.0996908
-0.103609
-0.107538
-0.111476
-0.115423
-0.119381
-0.123347
-0.127323
-0.131307
-0.1353
-0.139302
-0.143312
-0.147331
-0.151358
-0.155392
-0.159434
-0.163484
-0.167542
-0.171606
-0.175678
-0.179756
-0.183841
-0.187933
-0.192031
-0.196135
-0.200245
-0.204361
-0.208483
-0.21261
-0.216743
-0.22088
-0.225022
-0.229169
-0.233321
-0.237477
-0.241637
-0.245801
-0.249969
-0.25414
-0.258315
-0.262493
-0.266674
-0.270858
-0.275045
-0.279233
-0.283425
-0.287618
-0.291813
-0.29601
-0.300209
-0.304408
-0.308609
-0.31281
-0.317013
-0.321216
-0.325419
-0.329622
-0.333825
-0.338028
-0.342231
-0.346432
-0.350633
-0.354833
-0.359031
-0.363228
-0.367424
-0.371617
-0.375808
-0.379997
-0.384184
-0.388368
-0.392548
-0.396726
-0.400901
-0.405071
-0.409239
-0.413402
-0.417561
-0.421716
-0.425866
-0.430011
-0.434152
-0.438287
-0.442417
-0.446541
-0.45066
-0.454772
-0.458879
-0.462978
-0.467072
-0.471158
-0.475237
-0.47931
-0.483374
-0.487431
-0.49148
-0.495521
-0.499554
-0.503578
-0.507594
-0.5116
-0.515597
-0.519585
-0.523564
-0.527532
-0.531491
-0.53544
-0.539378
-0.543305
-0.547222
-0.551128
-0.555022
-0.558905
-0.562777
-0.566636
-0.570483
-0.574318
-0.578141
-0.581951
-0.585748
-0.589532
-0.593302
-0.597059
-0.600803
-0.604532
-0.608247
-0.611948
-0.615634
-0.619306
-0.622962
-0.626603
-0.630229
-0.633839
-0.637434
-0.641012
-0.644575
-0.64812
-0.65165
-0.655162
-0.658657
-0.662135
-0.665596
-0.669039
-0.672464
-0.675871
-0.67926
-0.68263
-0.685982
-0.689315
-0.692629
-0.695923
-0.699198
-0.702453
-0.705689
-0.708905
-0.7121
-0.715275
-0.718429
-0.721563
-0.724675
-0.727766
-0.730836
-0.733884
-0.736911
-0.739915
-0.742897
-0.745857
-0.748794
-0.751709
-0.7546
-0.757469
-0.760314
-0.763136
-0.765934
-0.768708
-0.771458
-0.774184
-0.776885
-0.779562
-0.782214
-0.784841
-0.787443
-0.79002
-0.792571
-0.795097
-0.797596
-0.80007
-0.802517
-0.804938
-0.807332
-0.8097
-0.812041
-0.814355
-0.816641
-0.8189
-0.821132
-0.823335
-0.825511
-0.827659
-0.829779
-0.83187
-0.833933
-0.835967
-0.837972
-0.839947
-0.841894
-0.843812
-0.8457
-0.847558
-0.849386
-0.851185
-0.852953
-0.854691
-0.856398
-0.858075
-0.859722
-0.861337
-0.862921
-0.864475
-0.865997
-0.867487
-0.868946
-0.870373
-0.871768
-0.873131
-0.874462
-0.875761
-0.877028
-0.878262
-0.879463
-0.880631
-0.881766
-0.882869
-0.883938
-0.884974
-0.885976
-0.886945
-0.88788
-0.888781
-0.889649
-0.890482
-0.891281
-0.892046
-0.892777
-0.893473
-0.894134
-0.894761
-0.895352
-0.895909
-0.896431
-0.896918
-0.897369
-0.897785
-0.898166
-0.898511
-0.89882
-0.899094
-0.899331
-0.899533
-0.899699
-0.899829
-0.899922
-0.899979
-0.9
-0.899984
-0.899932
-0.899843
-0.899717
-0.899555
-0.899356
-0.899119
-0.898846
-0.898536
-0.898188
-0.897803
-0.897381
-0.896922
-0.896425
-0.895891
-0.895319
-0.894709
-0.894062
-0.893377
-0.892654
-0.891893
-0.891095
-0.890258
-0.889384
-0.888471
-0.88752
-0.886532
-0.885505
-0.88444
-0.883336
-0.882194
-0.881014
-0.879796
-0.878539
-0.877243
-0.87591
-0.874537
-0.873126
-0.871677
-0.870189
-0.868662
-0.867097
-0.865493
-0.863851
-0.86217
-0.86045
-0.858691
-0.856894
-0.855058
-0.853184
-0.85127
-0.849318
-0.847328
-0.845298
-0.84323
-0.841123
-0.838977
-0.836792
-0.83457
-0.832308
-0.830007
-0.827668
-0.825291
-0.822874
-0.820419
-0.817925
-0.815393
-0.812823
-0.810214
-0.807566
-0.804879
-0.802155
-0.799392
-0.796591
-0.793751
-0.790873
-0.787957
-0.785003
-0.78201
-0.77898
-0.775911
-0.772804
-0.76966
-0.766477
-0.763257
-0.759999
-0.756702
-0.753369
-0.749998
-0.746589
-0.743142
-0.739659
-0.736138
-0.732579
-0.728983
-0.725351
-0.721681
-0.717974
-0.71423
-0.71045
-0.706633
-0.702779
-0.698888
-0.694961
-0.690998
-0.686998
-0.682962
-0.67889
-0.674782
-0.670638
-0.666458
-0.662242
-0.657991
-0.653704
-0.649382
-0.645024
-0.640632
-0.636204
-0.631742
-0.627244
-0.622712
-0.618145
-0.613544
-0.608908
-0.604238
-0.599534
-0.594796
-0.590023
-0.585218
-0.580378
-0.575506
-0.570599
-0.56566
-0.560688
-0.555683
-0.550644
-0.545574
-0.540471
-0.535336
-0.530168
-0.524968
-0.519736
-0.514473
-0.509178
-0.503852
-0.498495
-0.493106
-0.487686
-0.482236
-0.476755
-0.471244
-0.465703
-0.460131
-0.454529
-0.448898
-0.443237
-0.437546
-0.431827
-0.426079
-0.420301
-0.414495
-0.408661
-0.402798
-0.396907
-0.390988
-0.385041
-0.379067
-0.373066
-0.367037
-0.360982
-0.354899
-0.348791
-0.342655
-0.336494
-0.330307
-0.324094
-0.317855
-0.311591
-0.305302
-0.298989
-0.29265
-0.286287
-0.2799
-0.273489
-0.267054
-0.260595
-0.254113
-0.247608
-0.24108
-0.234529
-0.227956
-0.22136
-0.214742
-0.208103
-0.201442
-0.19476
-0.188057
-0.181333
-0.174588
-0.167823
-0.161038
-0.154232
-0.147408
-0.140564
-0.133701
-0.126818
-0.119917
-0.112998
-0.106061
-0.0991052
-0.0921324
-0.0851423
-0.078135
-0.0711103
-0.0640689
-0.0570118
-0.0499385
-0.0428488
-0.0357441
-0.028624
0
6.99698e-06
