-0.093363
0
2.28541e-05
9.13891e-05
0.000205523
0.000365119
0.000569985
0.000819877
0.00111449
0.00145348
0.00183644
0.00226289
0.00273234
0.00324422
0.0037979
0.00439273
0.00502797
0.00570287
0.0064166
0.0071683
0.00795705
0.00878189
0.00964181
0.0105358
0.0114627
0.0124213
0.0134106
0.0144293
0.0154761
0.0165497
0.0176488
0.018772
0.0199179
0.0210851
0.022272
0.0234771
0.024699
0.0259361
0.0271866
0.0284492
0.029722
0.0310034
0.0322918
0.0335854
0.0348826
0.0361814
0.0374803
0.0387774
0.040071
0.0413593
0.0426404
0.0439126
0.045174
0.0464229
0.0476574
0.0488757
0.050076
0.0512566
0.0524155
0.0535511
0.0546615
0.0557449
0.0567996
0.0578239
0.058816
0.0597742
0.0606968
0.0615821
0.0624286
0.0632345
0.0639983
0.0647184
0.0653932
0.0660214
0.0666012
0.0671315
0.0676106
0.0680373
0.0684103
0.0687281
0.0689897
0.0691937
0.0693391
0.0694246
0.0694493
0.069412
0.0693119
0.069148
0.0689195
0.0686254
0.0682651
0.0678379
0.067343
0.0667799
0.0661481
0.065447
0.0646763
0.0638355
0.0629244
0.0619428
0.0608904
0.0597671
0.0585729
0.0573079
0.0559719
0.0545653
0.0530882
0.0515409
0.0499237
0.048237
0.0464813
0.044657
0.0427649
0.0408055
0.0387796
0.0366879
0.0345314
0.0323109
0.0300274
0.027682
0.0252758
0.0228099
0.0202857
0.0177043
0.0150671
0.0123757
0.00963134
0.00683569
0.0039903
0.00109682
-0.00184297
-0.00482741
-0.00785458
-0.0109227
-0.0140298
-0.0171739
-0.0203531
-0.023565
-0.0268079
-0.0300793
-0.0333773
-0.0366993
-0.0400433
-0.0434069
-0.0467876
-0.0501831
-0.053591
-0.0570088
-0.0604339
-0.0638639
-0.0672962
-0.0707282
-0.0741573
-0.0775809
-0.0809963
-0.0844008
-0.0877919
-0.0911666
-0.0945225
-0.0978567
-0.101166
-0.104449
-0.107702
-0.110922
-0.114107
-0.117254
-0.12036
-0.123422
-0.126439
-0.129406
-0.132321
-0.135183
-0.137987
-0.140732
-0.143414
-0.146032
-0.148582
-0.151062
-0.15347
-0.155803
-0.158059
-0.160235
-0.162328
-0.164338
-0.16626
-0.168094
-0.169836
-0.171485
-0.173039
-0.174495
-0.175852
-0.177108
-0.17826
-0.179307
-0.180248
-0.18108
-0.181802
-0.182413
-0.18291
-0.183293
-0.183561
-0.183711
-0.183742
-0.183655
-0.183447
-0.183117
-0.182665
-0.18209
-0.181392
-0.180569
-0.179621
-0.178547
-0.177348
-0.176022
-0.17457
-0.172992
-0.171287
-0.169456
-0.167498
-0.165415
-0.163205
-0.160871
-0.158411
-0.155828
-0.153121
-0.150291
-0.14734
-0.144267
-0.141075
-0.137765
-0.134337
-0.130793
-0.127134
-0.123362
-0.119479
-0.115486
-0.111385
-0.107178
-0.102867
-0.0984542
-0.0939411
-0.0893302
-0.084624
-0.0798247
-0.074935
-0.0699571
-0.0648939
-0.0597479
-0.0545221
-0.0492193
-0.0438422
-0.038394
-0.0328777
-0.0272966
-0.0216536
-0.0159522
-0.0101955
-0.0043871
0.00146954
0.00737101
0.013314
0.0192944
0.0253088
0.0313535
0.037425
0.0435191
0.049632
0.0557603
0.0618995
0.0680458
0.0741955
0.0803446
0.0864886
0.0926239
0.0987464
0.104852
0.110936
0.116995
0.123025
0.129021
0.13498
0.140897
0.146768
0.152589
0.158356
0.164065
0.169711
0.175291
0.180801
0.186236
0.191592
0.196866
0.202053
0.20715
0.212153
0.217057
0.22186
0.226557
0.231144
0.235618
0.239975
0.244212
0.248325
0.252311
0.256166
0.259888
0.263472
0.266915
0.270215
0.273369
0.276373
0.279225
0.281921
0.28446
0.286839
0.289054
0.291104
0.292986
0.294699
0.296239
0.297605
0.298795
0.299808
0.30064
0.301292
0.30176
0.302045
0.302144
0.302057
0.301781
0.301318
0.300665
0.299821
0.298788
0.297563
0.296146
0.294538
0.292738
0.290746
0.288562
0.286188
0.283622
0.280866
0.27792
0.274785
0.271462
0.267952
0.264257
0.260376
0.256313
0.252068
0.247643
0.24304
0.23826
0.233307
0.228181
0.222886
0.217423
0.211796
0.206007
0.200057
0.193952
0.187693
0.181284
0.174728
0.168028
0.161187
0.15421
0.147099
0.13986
0.132494
0.125007
0.117403
0.109685
0.101858
0.093927
0.0858953
0.0777681
0.0695494
0.0612442
0.0528574
0.0443937
0.0358585
0.0272559
0.0185914
0.00987019
0.00109769
-0.00772151
-0.0165818
-0.0254778
-0.0344038
-0.0433551
-0.0523257
-0.0613103
-0.0703029
-0.0792986
-0.0882914
-0.0972757
-0.106246
-0.115196
-0.124121
-0.133014
-0.141871
-0.150685
-0.15945
-0.168162
-0.176813
-0.1854
-0.193915
-0.202353
-0.210709
-0.218976
-0.22715
-0.235225
-0.243196
-0.251056
-0.2588
-0.266424
-0.273921
-0.281287
-0.288515
-0.295602
-0.302543
-0.309331
-0.315962
-0.322431
-0.328734
-0.334865
-0.340821
-0.346597
-0.352187
-0.357589
-0.362797
-0.367808
-0.372617
-0.377221
-0.381616
-0.385797
-0.389763
-0.393508
-0.397031
-0.400327
-0.403394
-0.406228
-0.408827
-0.411189
-0.41331
-0.415188
-0.416821
-0.418208
-0.419345
-0.420232
-0.420866
-0.421247
-0.421372
-0.42124
-0.420851
-0.420204
-0.419298
-0.418132
-0.416706
-0.415019
-0.413073
-0.410866
-0.408399
-0.405672
-0.402687
-0.399443
-0.395942
-0.392184
-0.388172
-0.383906
-0.379388
-0.374619
-0.369602
-0.364339
-0.358831
-0.353082
-0.347093
-0.340868
-0.33441
-0.32772
-0.320804
-0.313663
-0.306302
-0.298723
-0.290932
-0.282931
-0.274725
-0.266317
-0.257714
-0.248918
-0.239935
-0.23077
-0.221426
-0.21191
-0.202226
-0.192381
-0.182378
-0.172224
-0.161925
-0.151486
-0.140912
-0.130211
-0.119388
-0.10845
-0.0974008
-0.0862498
-0.0750019
-0.0636643
-0.0522424
-0.0407447
-0.0291766
-0.0175454
-0.00585807
0.00587806
0.0176568
0.0294702
0.0413121
0.0531752
0.0650514
0.0769336
0.0888152
0.100688
0.112546
0.12438
0.136185
0.147952
0.159674
0.171343
0.182953
0.194496
0.205964
0.217351
0.228648
0.239849
0.250946
0.261933
0.272802
0.283545
0.294158
0.30463
0.314957
0.325131
0.335144
0.344992
0.354667
0.364163
0.373471
0.382588
0.391505
0.400218
0.40872
0.417005
0.425067
0.432901
0.4405
0.447859
0.454974
0.461838
0.468446
0.474795
0.480878
0.486692
0.492231
0.497491
0.502469
0.507159
0.511559
0.515664
0.519471
0.522977
0.526178
0.529072
0.531655
0.533924
0.535879
0.537515
0.538831
0.539825
0.540496
0.540842
0.540861
0.540552
0.539915
0.538949
0.537653
0.536027
0.53407
0.531784
0.529167
0.526221
0.522947
0.519345
0.515416
0.511161
0.506583
0.501682
0.496462
0.490923
0.485069
0.478901
0.472422
0.465637
0.458546
0.451154
0.443465
0.435482
0.427209
0.418651
0.40981
0.400692
0.391302
0.381644
0.371724
0.361547
0.351117
0.340441
0.329524
0.318372
0.306992
0.295389
0.28357
0.271541
0.25931
0.246882
0.234264
0.221464
0.20849
0.195348
0.182046
0.168592
0.154993
0.141255
0.127391
0.113404
0.099306
0.0851025
0.0708033
0.0564158
0.0419484
0.0274114
0.0128118
-0.00184115
-0.0165382
-0.0312715
-0.0460312
-0.0608101
-0.0755975
-0.0903843
-0.105163
-0.119923
-0.134656
-0.149354
-0.164007
-0.178604
-0.193139
-0.207602
-0.221982
-0.236273
-0.250465
-0.264549
-0.278515
-0.292355
-0.30606
-0.319622
-0.333031
-0.34628
-0.359359
-0.372262
-0.384976
-0.397497
-0.409814
-0.421922
-0.43381
-0.445472
-0.456899
-0.468084
-0.479019
-0.489697
-0.500111
-0.510254
-0.520118
-0.529698
-0.538985
-0.547973
-0.556658
-0.565031
-0.573088
-0.580822
-0.588228
-0.5953
-0.602033
-0.608422
-0.614462
-0.620149
-0.625477
-0.630443
-0.635043
-0.639272
-0.643128
-0.646606
-0.649704
-0.652418
-0.654746
-0.656686
-0.658234
-0.65939
-0.660151
-0.660515
-0.660482
-0.66005
-0.659218
-0.657986
-0.656353
-0.65432
-0.651885
-0.649051
-0.645817
-0.642184
-0.638153
-0.633726
-0.628904
-0.623689
-0.618083
-0.612089
-0.605709
-0.598945
-0.591802
-0.584282
-0.576387
-0.568125
-0.559496
-0.550506
-0.54116
-0.53146
-0.521415
-0.511027
-0.500303
-0.489247
-0.477866
-0.466167
-0.454154
-0.441835
-0.429216
-0.416304
-0.403107
-0.389629
-0.375882
-0.361871
-0.347604
-0.333088
-0.318334
-0.303349
-0.288139
-0.272717
-0.257087
-0.241263
-0.225251
-0.209059
-0.1927
-0.17618
-0.159512
-0.142704
-0.125764
-0.108705
-0.0915359
-0.0742652
-0.0569047
-0.0394658
-0.0219577
-0.00439075
0.0132259
0.030879
0.0485592
0.0662574
0.0839613
0.101659
0.119341
0.136997
0.154617
0.172187
0.189701
0.207143
0.224507
0.241778
0.258948
0.276005
0.292941
0.309742
0.3264
0.342903
0.359241
0.375404
0.391381
0.407162
0.422739
0.438101
0.453235
0.468135
0.482791
0.497192
0.511329
0.525193
0.538776
0.552069
0.56506
0.577744
0.590111
0.602154
0.613863
0.625232
0.636251
0.646915
0.657214
0.667143
0.676694
0.685862
0.694639
0.703018
0.710994
0.718562
0.725715
0.732447
0.738755
0.744634
0.750078
0.755083
0.759646
0.763762
0.767427
0.770639
0.773395
0.775691
0.777525
0.778896
0.7798
0.780237
0.780205
0.779703
0.77873
0.777285
0.775369
0.772981
0.770122
0.766792
0.762992
0.758724
0.753988
0.748788
0.743123
0.736998
0.730415
0.723377
0.715885
0.707945
0.699561
0.690735
0.681472
0.671778
0.661656
0.651112
0.640151
0.62878
0.617003
0.604828
0.59226
0.579306
0.565973
0.552269
0.5382
0.523776
0.509003
0.493889
0.478442
0.462672
0.446588
0.430198
0.413512
0.396538
0.379287
0.361769
0.343992
0.325967
0.307706
0.289219
0.270515
0.251605
0.232503
0.213215
0.193758
0.174138
0.154371
0.134466
0.114436
0.0942909
0.0740451
0.0537078
0.0332944
0.0128138
-0.00771865
-0.0282921
-0.0488944
-0.0695146
-0.0901387
-0.110753
-0.131346
-0.151907
-0.17242
-0.192875
-0.213259
-0.233561
-0.253767
-0.273864
-0.293839
-0.313683
-0.33338
-0.35292
-0.372291
-0.391479
-0.410475
-0.429264
-0.447835
-0.466177
-0.48428
-0.502131
-0.519716
-0.537027
-0.554053
-0.570782
-0.587203
-0.603306
-0.619083
-0.634519
-0.649607
-0.664336
-0.678697
-0.69268
-0.706277
-0.719478
-0.732274
-0.744656
-0.756616
-0.768147
-0.77924
-0.789888
-0.800083
-0.809818
-0.819086
-0.827882
-0.836197
-0.844027
-0.851366
-0.858208
-0.864548
-0.870381
-0.875703
-0.880509
-0.884795
-0.888558
-0.891794
-0.8945
-0.896674
-0.898313
-0.899414
-0.899977
-0.9
-0.899481
-0.89842
-0.896816
-0.89467
-0.891981
-0.88875
-0.884977
-0.880664
-0.875812
-0.870424
-0.864501
-0.858046
-0.851061
-0.843551
-0.835517
-0.826963
-0.817896
-0.808318
-0.798234
-0.78765
-0.77657
-0.765001
-0.752948
-0.740417
-0.727416
-0.713952
-0.70003
-0.685659
-0.670847
-0.655601
-0.639931
-0.623844
-0.60735
-0.590458
-0.573176
-0.555515
-0.537485
-0.519094
-0.500356
-0.481278
-0.461874
-0.442154
-0.422128
-0.401808
-0.381205
-0.360334
-0.339205
-0.317829
-0.29622
-0.274391
-0.252354
-0.23012
-0.207704
-0.185121
-0.162382
-0.139498
-0.116488
-0.093363
0
2.28541e-05
