-0.0499128
0
1.22043e-05
4.88137e-05
0.000109817
0.000195196
0.000304926
0.000438973
0.000597297
0.00077985
0.000986579
0.00121742
0.00147231
0.00175116
0.0020539
0.00238043
0.00273065
0.00310447
0.00350176
0.00392241
0.00436629
0.00483328
0.00532321
0.00583596
0.00637137
0.00692927
0.00750949
0.00811187
0.00873622
0.00938234
0.0100501
0.0107392
0.0114494
0.0121807
0.0129326
0.0137051
0.0144979
0.0153106
0.0161432
0.0169953
0.0178667
0.0187571
0.0196662
0.0205938
0.0215395
0.0225032
0.0234844
0.0244829
0.0254983
0.0265305
0.027579
0.0286435
0.0297237
0.0308193
0.0319299
0.0330551
0.0341947
0.0353482
0.0365154
0.0376958
0.038889
0.0400948
0.0413127
0.0425423
0.0437833
0.0450352
0.0462977
0.0475703
0.0488527
0.0501444
0.051445
0.0527542
0.0540714
0.0553963
0.0567285
0.0580675
0.0594128
0.0607641
0.0621208
0.0634827
0.0648491
0.0662197
0.067594
0.0689715
0.0703519
0.0717345
0.0731191
0.074505
0.0758919
0.0772793
0.0786666
0.0800535
0.0814395
0.082824
0.0842067
0.085587
0.0869644
0.0883385
0.0897088
0.0910748
0.0924361
0.093792
0.0951423
0.0964863
0.0978236
0.0991538
0.100476
0.101791
0.103096
0.104393
0.10568
0.106957
0.108223
0.109478
0.110722
0.111953
0.113173
0.114379
0.115572
0.11675
0.117915
0.119065
0.120199
0.121317
0.122419
0.123505
0.124573
0.125624
0.126657
0.127671
0.128666
0.129641
0.130597
0.131532
0.132447
0.13334
0.134212
0.135061
0.135889
0.136693
0.137474
0.138231
0.138964
0.139672
0.140356
0.141014
0.141646
0.142252
0.142832
0.143385
0.14391
0.144408
0.144878
0.14532
0.145732
0.146116
0.146471
0.146795
0.14709
0.147354
0.147587
0.14779
0.147961
0.1481
0.148208
0.148283
0.148325
0.148335
0.148312
0.148256
0.148166
0.148042
0.147884
0.147692
0.147465
0.147204
0.146907
0.146576
0.146209
0.145806
0.145368
0.144894
0.144383
0.143837
0.143254
0.142634
0.141978
0.141284
0.140554
0.139787
0.138983
0.138141
0.137262
0.136345
0.135391
0.134399
0.13337
0.132302
0.131197
0.130055
0.128874
0.127655
0.126399
0.125105
0.123773
0.122403
0.120995
0.119549
0.118066
0.116545
0.114986
0.11339
0.111756
0.110085
0.108377
0.106631
0.104848
0.103029
0.101172
0.0992785
0.0973485
0.0953822
0.0933795
0.0913407
0.0892661
0.0871557
0.0850098
0.0828286
0.0806123
0.0783611
0.0760752
0.073755
0.0714006
0.0690123
0.0665903
0.0641351
0.0616467
0.0591256
0.0565719
0.0539862
0.0513685
0.0487193
0.046039
0.0433278
0.0405861
0.0378142
0.0350127
0.0321816
0.0293216
0.026433
0.0235161
0.0205714
0.0175993
0.0146002
0.0115745
0.00852282
0.00544536
0.00234268
-0.000784696
-0.00393636
-0.00711197
-0.0103108
-0.0135324
-0.0167765
-0.0200424
-0.0233296
-0.0266377
-0.0299661
-0.0333142
-0.0366815
-0.0400675
-0.0434717
-0.0468934
-0.0503322
-0.0537875
-0.0572585
-0.0607448
-0.0642459
-0.0677612
-0.0712899
-0.0748315
-0.0783855
-0.0819511
-0.0855278
-0.0891149
-0.0927119
-0.096318
-0.0999328
-0.103555
-0.107185
-0.110822
-0.114464
-0.118112
-0.121764
-0.12542
-0.12908
-0.132742
-0.136406
-0.140071
-0.143737
-0.147402
-0.151067
-0.15473
-0.158391
-0.162049
-0.165704
-0.169354
-0.172999
-0.176638
-0.18027
-0.183896
-0.187513
-0.191122
-0.194721
-0.19831
-0.201889
-0.205456
-0.20901
-0.212552
-0.21608
-0.219593
-0.223091
-0.226573
-0.230039
-0.233487
-0.236917
-0.240328
-0.243719
-0.24709
-0.25044
-0.253769
-0.257074
-0.260357
-0.263615
-0.266849
-0.270058
-0.27324
-0.276395
-0.279523
-0.282623
-0.285693
-0.288734
-0.291745
-0.294724
-0.297671
-0.300586
-0.303468
-0.306316
-0.309129
-0.311907
-0.314648
-0.317354
-0.320021
-0.322651
-0.325242
-0.327794
-0.330306
-0.332777
-0.335207
-0.337595
-0.33994
-0.342242
-0.3445
-0.346714
-0.348883
-0.351006
-0.353082
-0.355112
-0.357094
-0.359028
-0.360913
-0.36275
-0.364536
-0.366272
-0.367957
-0.369591
-0.371172
-0.372701
-0.374177
-0.375599
-0.376967
-0.378281
-0.379539
-0.380742
-0.381889
-0.382979
-0.384013
-0.384989
-0.385906
-0.386766
-0.387567
-0.388308
-0.38899
-0.389612
-0.390174
-0.390675
-0.391115
-0.391493
-0.391809
-0.392064
-0.392255
-0.392384
-0.39245
-0.392452
-0.39239
-0.392265
-0.392075
-0.39182
-0.391501
-0.391117
-0.390667
-0.390152
-0.389571
-0.388924
-0.388211
-0.387431
-0.386586
-0.385673
-0.384694
-0.383648
-0.382535
-0.381355
-0.380108
-0.378794
-0.377412
-0.375962
-0.374446
-0.372861
-0.371209
-0.36949
-0.367703
-0.365849
-0.363927
-0.361937
-0.359881
-0.357756
-0.355565
-0.353306
-0.35098
-0.348587
-0.346127
-0.343601
-0.341008
-0.338348
-0.335622
-0.33283
-0.329972
-0.327048
-0.324059
-0.321004
-0.317884
-0.3147
-0.311451
-0.308138
-0.304761
-0.30132
-0.297816
-0.294249
-0.290619
-0.286927
-0.283173
-0.279357
-0.275481
-0.271543
-0.267545
-0.263487
-0.25937
-0.255193
-0.250958
-0.246665
-0.242314
-0.237906
-0.233441
-0.22892
-0.224344
-0.219712
-0.215027
-0.210287
-0.205493
-0.200647
-0.195749
-0.190799
-0.185798
-0.180747
-0.175646
-0.170496
-0.165298
-0.160052
-0.154759
-0.14942
-0.144035
-0.138606
-0.133132
-0.127614
-0.122055
-0.116453
-0.11081
-0.105127
-0.0994035
-0.0936417
-0.0878419
-0.0820052
-0.0761318
-0.070223
-0.0642794
-0.0583023
-0.0522917
-0.0462495
-0.0401758
-0.034072
-0.0279382
-0.0217764
-0.0155867
-0.00937032
-0.00312809
0.00313877
0.00942981
0.0157436
0.0220797
0.0284371
0.0348144
0.0412105
0.0476251
0.0540566
0.0605045
0.0669674
0.073445
0.0799354
0.0864381
0.0929516
0.0994755
0.106008
0.112549
0.119097
0.125651
0.13221
0.138772
0.145338
0.151905
0.158473
0.165041
0.171606
0.17817
0.18473
0.191284
0.197834
0.204376
0.210911
0.217436
0.223951
0.230455
0.236946
0.243424
0.249888
0.256336
0.262767
0.26918
0.275574
0.281948
0.288301
0.294631
0.300939
0.307222
0.313479
0.319709
0.325912
0.332086
0.33823
0.344343
0.350423
0.35647
0.362483
0.36846
0.374401
0.380304
0.386169
0.391994
0.397777
0.403519
0.409218
0.414873
0.420482
0.426046
0.431562
0.43703
0.442448
0.447817
0.453133
0.458398
0.463609
0.468766
0.473867
0.478911
0.483898
0.488827
0.493696
0.498505
0.503252
0.507937
0.512559
0.517116
0.521608
0.526035
0.530394
0.534685
0.538907
0.543059
0.547141
0.551152
0.555089
0.558954
0.562744
0.56646
0.5701
0.573663
0.577148
0.580555
0.583884
0.587132
0.5903
0.593387
0.596391
0.599313
0.602151
0.604904
0.607573
0.610157
0.612653
0.615063
0.617385
0.619619
0.621764
0.623819
0.625784
0.627659
0.629442
0.631133
0.632732
0.634237
0.63565
0.636968
0.638192
0.63932
0.640354
0.641291
0.642132
0.642876
0.643523
0.644073
0.644524
0.644878
0.645132
0.645288
0.645344
0.6453
0.645157
0.644913
0.644569
0.644125
0.643579
0.642932
0.642184
0.641334
0.640383
0.63933
0.638175
0.636918
0.635558
0.634097
0.632533
0.630866
0.629098
0.627227
0.625253
0.623177
0.620999
0.618718
0.616335
0.61385
0.611263
0.608574
0.605783
0.60289
0.599896
0.596801
0.593604
0.590306
0.586908
0.58341
0.579811
0.576112
0.572314
0.568417
0.564421
0.560326
0.556133
0.551842
0.547454
0.542968
0.538387
0.533709
0.528936
0.524067
0.519104
0.514046
0.508896
0.503651
0.498315
0.492887
0.487368
0.481758
0.476057
0.470268
0.46439
0.458424
0.452371
0.446231
0.440006
0.433694
0.427299
0.42082
0.414259
0.407615
0.400891
0.394086
0.387201
0.380239
0.373198
0.36608
0.358887
0.351619
0.344277
0.336862
0.329374
0.321815
0.314186
0.306489
0.298724
0.290891
0.282992
0.275028
0.267001
0.258911
0.250758
0.242546
0.234275
0.225945
0.217557
0.209114
0.200617
0.192066
0.183462
0.174808
0.166103
0.15735
0.148549
0.139702
0.13081
0.121875
0.112897
0.103879
0.0948198
0.0857231
0.0765894
0.0674192
0.0582154
0.0489784
0.0397091
0.0304094
0.0210816
0.0117261
0.00234454
-0.00706254
-0.0164922
-0.0259439
-0.0354168
-0.0449087
-0.0544176
-0.0639427
-0.0734825
-0.0830363
-0.0926013
-0.102177
-0.111762
-0.121354
-0.130952
-0.140554
-0.150159
-0.159766
-0.169372
-0.178978
-0.18858
-0.198178
-0.207769
-0.217353
-0.226928
-0.236493
-0.246046
-0.255584
-0.265107
-0.274614
-0.284103
-0.293571
-0.303019
-0.312444
-0.321845
-0.33122
-0.340567
-0.349885
-0.359174
-0.368429
-0.377653
-0.38684
-0.395992
-0.405105
-0.414179
-0.423211
-0.432202
-0.441148
-0.450049
-0.458902
-0.467708
-0.476463
-0.485166
-0.493817
-0.502413
-0.510954
-0.519437
-0.527861
-0.536225
-0.544527
-0.552766
-0.560941
-0.569049
-0.577091
-0.585062
-0.592964
-0.600795
-0.608552
-0.616235
-0.623842
-0.631372
-0.638824
-0.646195
-0.653485
-0.660694
-0.667818
-0.674857
-0.68181
-0.688675
-0.695451
-0.702137
-0.708731
-0.715233
-0.721642
-0.727954
-0.734171
-0.74029
-0.74631
-0.752231
-0.75805
-0.763768
-0.769382
-0.774892
-0.780296
-0.785594
-0.790784
-0.795866
-0.800838
-0.805699
-0.810449
-0.815086
-0.819609
-0.824017
-0.828311
-0.832487
-0.836547
-0.840487
-0.844309
-0.848011
-0.851592
-0.855051
-0.858388
-0.861601
-0.86469
-0.867655
-0.870494
-0.873206
-0.875792
-0.87825
-0.88058
-0.88278
-0.884852
-0.886792
-0.888602
-0.890281
-0.891828
-0.893243
-0.894524
-0.895672
-0.896686
-0.897566
-0.898311
-0.898921
-0.899395
-0.899733
-0.899935
-0.9
-0.899928
-0.899719
-0.899373
-0.898889
-0.898267
-0.897506
-0.896608
-0.89557
-0.894395
-0.89308
-0.891627
-0.890034
-0.888303
-0.886433
-0.884423
-0.882275
-0.879987
-0.877561
-0.874996
-0.872292
-0.869449
-0.866468
-0.863349
-0.860092
-0.856696
-0.853163
-0.849493
-0.845685
-0.84174
-0.83766
-0.833443
-0.829089
-0.824601
-0.819977
-0.815219
-0.810327
-0.805301
-0.800142
-0.79485
-0.789426
-0.783871
-0.778184
-0.772368
-0.766421
-0.760345
-0.754141
-0.747809
-0.741351
-0.734766
-0.728055
-0.721219
-0.71426
-0.707177
-0.699972
-0.692646
-0.685199
-0.677633
-0.669947
-0.662144
-0.654225
-0.646188
-0.638037
-0.629773
-0.621396
-0.612907
-0.604307
-0.595597
-0.586779
-0.577854
-0.568823
-0.559687
-0.550447
-0.541105
-0.53166
-0.522116
-0.512473
-0.502733
-0.492896
-0.482965
-0.472941
-0.462824
-0.452615
-0.442317
-0.431932
-0.42146
-0.410903
-0.400261
-0.389538
-0.378734
-0.367851
-0.356889
-0.345852
-0.33474
-0.323556
-0.312299
-0.300972
-0.289577
-0.278116
-0.266588
-0.254999
-0.243347
-0.231635
-0.219864
-0.208037
-0.196155
-0.184219
-0.172232
-0.160195
-0.14811
-0.135979
-0.123803
-0.111584
-0.0993243
-0.0870259
-0.0746891
-0.0623178
-0.0499128
0
1.22043e-05
