-0.179973
0
4.42538e-05
0.000176803
0.000397013
0.000703827
0.00109577
0.00157096
0.00212711
0.00276153
0.00347114
0.0042525
0.00510178
0.00601484
0.00698717
0.00801395
0.00909006
0.0102101
0.0113684
0.0125591
0.0137761
0.0150129
0.0162632
0.0175203
0.0187774
0.0200276
0.021264
0.0224796
0.0236673
0.0248202
0.0259313
0.0269936
0.0280003
0.0289447
0.0298202
0.0306203
0.0313389
0.0319698
0.0325074
0.032946
0.0332805
0.033506
0.0336178
0.0336117
0.0334839
0.0332308
0.0328495
0.0323372
0.0316917
0.0309114
0.0299948
0.0289413
0.0277505
0.0264224
0.0249579
0.023358
0.0216245
0.0197594
0.0177656
0.0156461
0.0134046
0.0110454
0.00857303
0.00599273
0.00331008
0.000531119
-0.0023376
-0.00528916
-0.00831621
-0.011411
-0.0145655
-0.0177711
-0.0210191
-0.0243004
-0.0276056
-0.0309251
-0.0342491
-0.0375674
-0.0408698
-0.044146
-0.0473856
-0.0505779
-0.0537124
-0.0567784
-0.0597654
-0.0626628
-0.0654601
-0.0681472
-0.0707137
-0.0731496
-0.0754453
-0.0775911
-0.0795779
-0.0813968
-0.0830391
-0.0844966
-0.0857617
-0.0868269
-0.0876853
-0.0883307
-0.088757
-0.088959
-0.088932
-0.0886717
-0.0881745
-0.0874376
-0.0864587
-0.085236
-0.0837687
-0.0820564
-0.0800995
-0.0778992
-0.0754572
-0.0727762
-0.0698592
-0.0667104
-0.0633343
-0.0597363
-0.0559224
-0.0518995
-0.0476749
-0.0432568
-0.0386539
-0.0338756
-0.028932
-0.0238337
-0.0185917
-0.0132179
-0.0077246
-0.00212438
0.0035693
0.00934301
0.0151825
0.0210734
0.0270011
0.0329502
0.0389056
0.0448517
0.0507729
0.0566531
0.0624765
0.0682271
0.0738889
0.0794458
0.084882
0.0901817
0.0953293
0.100309
0.105107
0.109707
0.114094
0.118256
0.122178
0.125847
0.12925
0.132375
0.13521
0.137745
0.13997
0.141874
0.143449
0.144687
0.14558
0.146123
0.146309
0.146133
0.145592
0.144683
0.143404
0.141754
0.139732
0.13734
0.134578
0.131451
0.127962
0.124115
0.119917
0.115374
0.110493
0.105284
0.0997555
0.0939184
0.087784
0.0813648
0.0746737
0.0677249
0.0605328
0.0531134
0.0454827
0.037658
0.0296566
0.021497
0.0131982
0.00477949
-0.00373903
-0.0123372
-0.020994
-0.0296886
-0.0383991
-0.0471043
-0.055782
-0.0644101
-0.0729669
-0.0814297
-0.089777
-0.0979863
-0.106036
-0.113904
-0.12157
-0.129012
-0.136209
-0.143141
-0.149789
-0.156132
-0.162153
-0.167834
-0.173157
-0.178105
-0.182663
-0.186816
-0.19055
-0.193852
-0.19671
-0.199112
-0.201048
-0.202511
-0.203491
-0.203982
-0.203979
-0.203477
-0.202474
-0.200967
-0.198955
-0.196441
-0.193424
-0.189909
-0.1859
-0.181404
-0.176425
-0.170975
-0.16506
-0.158694
-0.151887
-0.144652
-0.137005
-0.12896
-0.120535
-0.111747
-0.102614
-0.0931575
-0.083397
-0.0733547
-0.0630528
-0.052515
-0.0417652
-0.0308285
-0.01973
-0.00849611
0.00284636
0.0142705
0.0257493
0.0372539
0.0487567
0.0602293
0.0716437
0.0829705
0.0941815
0.105249
0.116143
0.126837
0.137302
0.147513
0.157439
0.167057
0.17634
0.185262
0.1938
0.201928
0.209626
0.216869
0.223638
0.229912
0.235673
0.240903
0.245584
0.249703
0.253244
0.256195
0.258545
0.260283
0.261402
0.261894
0.261754
0.260978
0.259563
0.257508
0.254815
0.251485
0.247522
0.242932
0.237722
0.2319
0.225477
0.218465
0.210876
0.202725
0.194029
0.184805
0.175073
0.164853
0.154167
0.143038
0.13149
0.119549
0.107241
0.0945943
0.081638
0.0684008
0.0549144
0.0412096
0.0273185
0.0132736
-0.000891549
-0.0151428
-0.0294464
-0.0437672
-0.058071
-0.0723223
-0.0864864
-0.100528
-0.114412
-0.128104
-0.141568
-0.154772
-0.167681
-0.180262
-0.192482
-0.204309
-0.215713
-0.226663
-0.237128
-0.247083
-0.256498
-0.265348
-0.273608
-0.281254
-0.288265
-0.294619
-0.300297
-0.305282
-0.309558
-0.313109
-0.315923
-0.31799
-0.319299
-0.319844
-0.319619
-0.31862
-0.316844
-0.314293
-0.310968
-0.306872
-0.302012
-0.296395
-0.29003
-0.282929
-0.275106
-0.266574
-0.257352
-0.247457
-0.23691
-0.225734
-0.213952
-0.201589
-0.188672
-0.17523
-0.161293
-0.146892
-0.132059
-0.116828
-0.101234
-0.0853126
-0.0691021
-0.0526387
-0.0359618
-0.0191107
-0.00212615
0.0149527
0.0320841
0.0492268
0.0663386
0.0833791
0.100306
0.117077
0.133651
0.149988
0.166045
0.181784
0.197162
0.212144
0.226687
0.240757
0.254317
0.267331
0.279764
0.291584
0.302759
0.313259
0.323054
0.332118
0.340426
0.347953
0.354676
0.360578
0.365638
0.36984
0.37317
0.375616
0.377168
0.377818
0.377559
0.376388
0.374304
0.371307
0.3674
0.362589
0.35688
0.350284
0.342812
0.334478
0.325298
0.315291
0.304477
0.292879
0.28052
0.267428
0.25363
0.239158
0.224042
0.208317
0.192017
0.175181
0.157844
0.14005
0.121836
0.103246
0.0843237
0.0651133
0.0456589
0.0260072
0.00620487
-0.0137
-0.0336614
-0.0536303
-0.0735585
-0.0933968
-0.113098
-0.132614
-0.151896
-0.170896
-0.189568
-0.207864
-0.225739
-0.243149
-0.260047
-0.276392
-0.292142
-0.307256
-0.321694
-0.33542
-0.348396
-0.360588
-0.371963
-0.382491
-0.392142
-0.400889
-0.408707
-0.415574
-0.421469
-0.426373
-0.43027
-0.433148
-0.434994
-0.4358
-0.43556
-0.43427
-0.431928
-0.428536
-0.424099
-0.418621
-0.412113
-0.404586
-0.396054
-0.386533
-0.376042
-0.364603
-0.35224
-0.338979
-0.324848
-0.309877
-0.2941
-0.277552
-0.260269
-0.24229
-0.223655
-0.204409
-0.184593
-0.164255
-0.14344
-0.122199
-0.100577
-0.0786308
-0.0564076
-0.0339616
-0.0113459
0.0113846
0.0341771
0.0569752
0.0797256
0.102373
0.124861
0.147134
0.16914
0.190822
0.212129
0.233007
0.253405
0.27327
0.292553
0.311205
0.329179
0.346428
0.36291
0.37858
0.393398
0.407325
0.420323
0.43236
0.4434
0.453415
0.462376
0.470258
0.477037
0.482694
0.48721
0.49057
0.492762
0.493777
0.493607
0.492249
0.489702
0.485967
0.481049
0.474956
0.467697
0.459288
0.449743
0.439082
0.427326
0.414499
0.40063
0.385746
0.369881
0.35307
0.33535
0.31676
0.297343
0.27714
0.256199
0.234569
0.212297
0.189438
0.166041
0.142163
0.11786
0.0931883
0.068205
0.0429725
0.0175479
-0.00800624
-0.0336306
-0.0592628
-0.08484
-0.110303
-0.135588
-0.160633
-0.185378
-0.209761
-0.233724
-0.257205
-0.280151
-0.302499
-0.324195
-0.345185
-0.365417
-0.384837
-0.403398
-0.421053
-0.437753
-0.453456
-0.468122
-0.481711
-0.494188
-0.505517
-0.51567
-0.524615
-0.532329
-0.538788
-0.543974
-0.547868
-0.550458
-0.551733
-0.551686
-0.550312
-0.54761
-0.543583
-0.538236
-0.531578
-0.523619
-0.514376
-0.503867
-0.492112
-0.479136
-0.464966
-0.449634
-0.43317
-0.415612
-0.396999
-0.377372
-0.356775
-0.335256
-0.312861
-0.289644
-0.265654
-0.240952
-0.215592
-0.189634
-0.163138
-0.136167
-0.108783
-0.0810505
-0.0530384
-0.02481
0.00356618
0.0320212
0.0604891
0.088899
0.117186
0.145277
0.173106
0.200605
0.227707
0.254344
0.280453
0.305969
0.330826
0.354965
0.378325
0.400846
0.422472
0.443151
0.462827
0.481449
0.498971
0.515346
0.530534
0.544491
0.557182
0.568573
0.578632
0.587329
0.594642
0.600547
0.605027
0.608067
0.609654
0.609781
0.608443
0.605639
0.601372
0.595647
0.588473
0.579864
0.569837
0.558411
0.54561
0.53146
0.515992
0.49924
0.481238
0.462026
0.441651
0.420155
0.397588
0.373998
0.349443
0.323977
0.297658
0.270548
0.242712
0.214214
0.185119
0.155493
0.125412
0.094941
0.0641577
0.0331302
0.00193742
-0.0293485
-0.0606525
-0.0919019
-0.123019
-0.153925
-0.184549
-0.214818
-0.244654
-0.273986
-0.302741
-0.330852
-0.358247
-0.384855
-0.410613
-0.435459
-0.459325
-0.482154
-0.50389
-0.524474
-0.543856
-0.561984
-0.578812
-0.594297
-0.608396
-0.621073
-0.632293
-0.642024
-0.650241
-0.656917
-0.662033
-0.665574
-0.667525
-0.667879
-0.666629
-0.663774
-0.659317
-0.653265
-0.645628
-0.63642
-0.625656
-0.613362
-0.599563
-0.584286
-0.567564
-0.549436
-0.529939
-0.509117
-0.487018
-0.463688
-0.439185
-0.413563
-0.386877
-0.359193
-0.330572
-0.301084
-0.270795
-0.239773
-0.208097
-0.175838
-0.14307
-0.109873
-0.0763271
-0.0425108
-0.00850445
0.0256135
0.0597558
0.0938432
0.127796
0.16153
0.194961
0.228009
0.260596
0.292643
0.324067
0.354796
0.384749
0.413857
0.442044
0.469242
0.495382
0.520401
0.544232
0.566818
0.588099
0.608024
0.626537
0.643593
0.659146
0.673157
0.685587
0.696401
0.70557
0.713068
0.718872
0.722965
0.725332
0.725964
0.724854
0.722001
0.717407
0.711079
0.703028
0.69327
0.681821
0.668709
0.653957
0.6376
0.619672
0.600212
0.579261
0.556868
0.533085
0.507964
0.48156
0.453937
0.425157
0.395287
0.364392
0.332547
0.299829
0.266312
0.232071
0.197194
0.161758
0.125846
0.0895485
0.0529455
0.0161303
-0.0208121
-0.0577959
-0.0947267
-0.131518
-0.168085
-0.204333
-0.240179
-0.275532
-0.310306
-0.344422
-0.377788
-0.41033
-0.441961
-0.472605
-0.50219
-0.530637
-0.557877
-0.583841
-0.60847
-0.631691
-0.65345
-0.673692
-0.692366
-0.709419
-0.72481
-0.738497
-0.750444
-0.760616
-0.768985
-0.775529
-0.780226
-0.783061
-0.784023
-0.783104
-0.780304
-0.775625
-0.769073
-0.76066
-0.750401
-0.738317
-0.724434
-0.708781
-0.69139
-0.672299
-0.651552
-0.629194
-0.605273
-0.579844
-0.552968
-0.524704
-0.495117
-0.464271
-0.432244
-0.399105
-0.364935
-0.32981
-0.293817
-0.257038
-0.21956
-0.181467
-0.142857
-0.103814
-0.0644383
-0.0248166
0.0149499
0.0547691
0.0945454
0.134186
0.173593
0.212668
0.251318
0.289454
0.326976
0.363797
0.399826
0.434977
0.469161
0.502292
0.53429
0.565079
0.594576
0.622711
0.649415
0.674616
0.698256
0.720269
0.740601
0.759201
0.77602
0.791013
0.804139
0.815363
0.824656
0.831989
0.837341
0.840695
0.842039
0.841365
0.83867
0.833957
0.827232
0.818508
0.807801
0.795132
0.780527
0.764019
0.745642
0.725437
0.703446
0.679723
0.654316
0.627286
0.598695
0.568603
0.537086
0.504214
0.47006
0.434709
0.398237
0.360736
0.32229
0.282988
0.242927
0.202199
0.160898
0.119125
0.0769814
0.0345656
-0.00802134
-0.0506809
-0.0933042
-0.135792
-0.178045
-0.219959
-0.261428
-0.302355
-0.342642
-0.382192
-0.420904
-0.458688
-0.495447
-0.531094
-0.565538
-0.598695
-0.630484
-0.660827
-0.689646
-0.716867
-0.742424
-0.766253
-0.78829
-0.80848
-0.826772
-0.843118
-0.857474
-0.8698
-0.880064
-0.888238
-0.894297
-0.898222
-0.9
-0.899622
-0.897084
-0.892389
-0.885544
-0.87656
-0.865454
-0.85225
-0.836974
-0.81966
-0.800343
-0.779069
-0.755884
-0.730839
-0.703989
-0.675396
-0.645128
-0.613253
-0.57984
-0.544973
-0.508729
-0.471193
-0.43245
-0.392593
-0.351719
-0.30992
-0.267293
-0.223944
-0.179973
0
4.42538e-05
