-0.0716074
0
1.75169e-05
7.00559e-05
0.000157581
0.000280035
0.000437333
0.00062937
0.000856018
0.00111712
0.00141251
0.00174197
0.0021053
0.00250223
0.00293251
0.00339585
0.00389192
0.0044204
0.00498093
0.00557311
0.00619656
0.00685085
0.00753553
0.00825013
0.00899417
0.00976715
0.0105685
0.0113977
0.0122542
0.0131374
0.0140467
0.0149814
0.015941
0.0169247
0.0179318
0.0189617
0.0200137
0.0210869
0.0221807
0.0232943
0.0244269
0.0255778
0.026746
0.0279307
0.0291312
0.0303466
0.031576
0.0328184
0.0340731
0.0353391
0.0366155
0.0379013
0.0391957
0.0404976
0.0418062
0.0431204
0.0444392
0.0457618
0.047087
0.0484139
0.0497415
0.0510687
0.0523946
0.0537181
0.0550383
0.056354
0.0576642
0.0589679
0.0602641
0.0615517
0.0628297
0.064097
0.0653526
0.0665955
0.0678245
0.0690388
0.0702372
0.0714187
0.0725822
0.0737268
0.0748514
0.0759551
0.0770367
0.0780953
0.0791299
0.0801395
0.0811232
0.0820799
0.0830087
0.0839086
0.0847787
0.085618
0.0864256
0.0872007
0.0879423
0.0886495
0.0893214
0.0899572
0.0905561
0.0911172
0.0916396
0.0921227
0.0925655
0.0929674
0.0933276
0.0936453
0.0939199
0.0941506
0.0943368
0.0944778
0.0945729
0.0946216
0.0946232
0.0945772
0.094483
0.0943401
0.0941479
0.0939061
0.093614
0.0932713
0.0928775
0.0924323
0.0919353
0.0913861
0.0907844
0.0901299
0.0894223
0.0886615
0.0878471
0.0869789
0.0860569
0.0850808
0.0840505
0.082966
0.0818272
0.0806341
0.0793865
0.0780847
0.0767285
0.0753182
0.0738537
0.0723353
0.070763
0.069137
0.0674577
0.0657252
0.0639398
0.0621017
0.0602114
0.0582692
0.0562754
0.0542305
0.0521349
0.049989
0.0477935
0.0455487
0.0432553
0.0409138
0.0385249
0.036089
0.0336071
0.0310796
0.0285075
0.0258912
0.0232317
0.0205297
0.017786
0.0150017
0.0121773
0.00931395
0.00641242
0.00347377
0.00049888
-0.00251113
-0.00555544
-0.00863286
-0.0117423
-0.0148827
-0.0180531
-0.0212522
-0.0244789
-0.027732
-0.0310103
-0.0343127
-0.0376378
-0.0409845
-0.0443515
-0.0477374
-0.051141
-0.0545609
-0.0579959
-0.0614444
-0.0649052
-0.0683769
-0.071858
-0.0753473
-0.0788431
-0.082344
-0.0858488
-0.0893558
-0.0928636
-0.0963705
-0.0998754
-0.103376
-0.106872
-0.110361
-0.113842
-0.117313
-0.120772
-0.124219
-0.127651
-0.131067
-0.134465
-0.137844
-0.141202
-0.144538
-0.14785
-0.151137
-0.154396
-0.157627
-0.160827
-0.163996
-0.167131
-0.170232
-0.173296
-0.176321
-0.179308
-0.182253
-0.185155
-0.188014
-0.190826
-0.193592
-0.196309
-0.198975
-0.20159
-0.204152
-0.206659
-0.20911
-0.211504
-0.213839
-0.216114
-0.218327
-0.220477
-0.222563
-0.224584
-0.226537
-0.228422
-0.230238
-0.231983
-0.233657
-0.235257
-0.236783
-0.238233
-0.239607
-0.240903
-0.24212
-0.243258
-0.244315
-0.24529
-0.246182
-0.246991
-0.247714
-0.248353
-0.248905
-0.249369
-0.249746
-0.250034
-0.250232
-0.25034
-0.250358
-0.250283
-0.250117
-0.249858
-0.249506
-0.24906
-0.24852
-0.247885
-0.247155
-0.24633
-0.245409
-0.244392
-0.243279
-0.242069
-0.240763
-0.23936
-0.23786
-0.236263
-0.23457
-0.232779
-0.230891
-0.228907
-0.226826
-0.224649
-0.222375
-0.220005
-0.21754
-0.214979
-0.212323
-0.209572
-0.206727
-0.203789
-0.200757
-0.197633
-0.194417
-0.191109
-0.187711
-0.184222
-0.180645
-0.176979
-0.173226
-0.169386
-0.16546
-0.16145
-0.157356
-0.153178
-0.14892
-0.14458
-0.140161
-0.135665
-0.131091
-0.126441
-0.121717
-0.116919
-0.11205
-0.107111
-0.102102
-0.0970268
-0.0918849
-0.0866785
-0.0814094
-0.0760792
-0.070689
-0.0652411
-0.0597371
-0.0541784
-0.0485668
-0.0429043
-0.0371929
-0.0314338
-0.0256294
-0.0197815
-0.0138919
-0.00796247
-0.00199551
0.00400716
0.0100434
0.0161116
0.0222092
0.0283341
0.0344848
0.0406584
0.0468529
0.0530665
0.0592968
0.0655416
0.0717987
0.078066
0.084341
0.0906214
0.0969051
0.10319
0.109473
0.115753
0.122026
0.128292
0.134546
0.140788
0.147014
0.153223
0.159411
0.165577
0.171718
0.177832
0.183916
0.189969
0.195987
0.201968
0.20791
0.21381
0.219667
0.225478
0.231239
0.23695
0.242608
0.24821
0.253755
0.259239
0.264661
0.270018
0.275307
0.280528
0.285677
0.290752
0.295751
0.300672
0.305513
0.310271
0.314944
0.319531
0.324029
0.328436
0.332751
0.33697
0.341093
0.345116
0.349039
0.352859
0.356575
0.360184
0.363685
0.367076
0.370355
0.373521
0.376571
0.379505
0.382321
0.385016
0.387591
0.390042
0.392368
0.394569
0.396643
0.398588
0.400404
0.402088
0.40364
0.405058
0.406342
0.40749
0.408502
0.409376
0.410111
0.410707
0.411163
0.411477
0.41165
0.41168
0.411566
0.411309
0.410908
0.410362
0.40967
0.408832
0.407849
0.406719
0.405443
0.40402
0.40245
0.400733
0.398869
0.396858
0.3947
0.392395
0.389944
0.387347
0.384603
0.381714
0.378679
0.3755
0.372176
0.368708
0.365097
0.361345
0.357449
0.353414
0.349238
0.344923
0.34047
0.335879
0.331153
0.326291
0.321295
0.316167
0.310908
0.305518
0.299999
0.294354
0.288582
0.282686
0.276668
0.270528
0.264269
0.257892
0.2514
0.244794
0.238075
0.231246
0.224309
0.217265
0.210118
0.202868
0.195519
0.188072
0.180529
0.172894
0.165167
0.157352
0.149451
0.141467
0.133401
0.125257
0.117036
0.108743
0.100378
0.0919457
0.0834482
0.074888
0.0662675
0.0575905
0.0488588
0.0400759
0.0312449
0.022368
0.0134486
0.0044901
-0.00450542
-0.013534
-0.0225935
-0.0316799
-0.0407915
-0.0499234
-0.0590738
-0.0682386
-0.0774156
-0.0866006
-0.095791
-0.104984
-0.114176
-0.123363
-0.132543
-0.141711
-0.150866
-0.160003
-0.16912
-0.178213
-0.187279
-0.196313
-0.205315
-0.214279
-0.223203
-0.232084
-0.240917
-0.2497
-0.258429
-0.267102
-0.275715
-0.284265
-0.292749
-0.301163
-0.309503
-0.317768
-0.325954
-0.334057
-0.342075
-0.350005
-0.357842
-0.365585
-0.37323
-0.380774
-0.388215
-0.395548
-0.402772
-0.409884
-0.416879
-0.423757
-0.430513
-0.437145
-0.44365
-0.450027
-0.45627
-0.46238
-0.468351
-0.474183
-0.479872
-0.485416
-0.490813
-0.496061
-0.501156
-0.506096
-0.51088
-0.515505
-0.519969
-0.52427
-0.528406
-0.532375
-0.536174
-0.539802
-0.543258
-0.546538
-0.549643
-0.552569
-0.555316
-0.557881
-0.560264
-0.562462
-0.564475
-0.566301
-0.567939
-0.569387
-0.570646
-0.571712
-0.572586
-0.573267
-0.573753
-0.574044
-0.574139
-0.574037
-0.573739
-0.573242
-0.572548
-0.571655
-0.570563
-0.569272
-0.567781
-0.566091
-0.564202
-0.562113
-0.559824
-0.557337
-0.55465
-0.551764
-0.54868
-0.545398
-0.541919
-0.538242
-0.53437
-0.530302
-0.526039
-0.521583
-0.516934
-0.512092
-0.507061
-0.501839
-0.496428
-0.490831
-0.485049
-0.479081
-0.472931
-0.4666
-0.460089
-0.4534
-0.446535
-0.439495
-0.432284
-0.424901
-0.417351
-0.409634
-0.401752
-0.393709
-0.385507
-0.377147
-0.368632
-0.359965
-0.351148
-0.342183
-0.333074
-0.323824
-0.314434
-0.304909
-0.29525
-0.28546
-0.275543
-0.265502
-0.255339
-0.245059
-0.234664
-0.224157
-0.213542
-0.202821
-0.191999
-0.18108
-0.170065
-0.15896
-0.147768
-0.136491
-0.125133
-0.1137
-0.102194
-0.0906186
-0.0789778
-0.0672763
-0.0555166
-0.0437039
-0.0318404
-0.0199323
-0.00798189
0.00400562
0.0160274
0.0280782
0.0401546
0.0522537
0.0643694
0.0764977
0.0886357
0.100778
0.112921
0.125061
0.137194
0.149313
0.161417
0.173501
0.185559
0.197589
0.209586
0.221546
0.233464
0.245336
0.257158
0.268926
0.280636
0.292282
0.303863
0.315372
0.326806
0.33816
0.349431
0.360614
0.371705
0.382702
0.393597
0.404389
0.415073
0.425645
0.436101
0.446438
0.45665
0.466736
0.476689
0.486508
0.496188
0.505725
0.515116
0.524357
0.533445
0.542375
0.551145
0.559751
0.568189
0.576456
0.58455
0.592467
0.600202
0.607754
0.615119
0.622293
0.629276
0.636062
0.642651
0.649037
0.65522
0.661195
0.666961
0.672516
0.677855
0.682979
0.687882
0.692565
0.697024
0.701257
0.705262
0.709037
0.712581
0.715892
0.718967
0.721805
0.724404
0.726764
0.728882
0.730758
0.732389
0.733775
0.734915
0.735807
0.736451
0.736846
0.736991
0.736885
0.736528
0.735919
0.735058
0.733944
0.732577
0.730958
0.729085
0.726959
0.724581
0.721949
0.719065
0.715928
0.71254
0.708901
0.705011
0.700871
0.696482
0.691844
0.68696
0.681829
0.676453
0.670833
0.664971
0.658868
0.652525
0.645944
0.639127
0.632075
0.624791
0.617275
0.609531
0.60156
0.593365
0.584948
0.57631
0.567455
0.558385
0.549102
0.539611
0.529912
0.520009
0.509904
0.499601
0.489104
0.478414
0.467535
0.456471
0.445224
0.433797
0.422197
0.410424
0.398483
0.386378
0.374112
0.361689
0.349112
0.336387
0.323517
0.310506
0.297358
0.284078
0.270668
0.257135
0.243483
0.229714
0.215835
0.201849
0.187762
0.173577
0.159299
0.144933
0.130484
0.115956
0.101355
0.0866848
0.0719511
0.0571582
0.0423096
0.0274125
0.0124719
-0.00250865
-0.0175226
-0.0325657
-0.0476337
-0.0627213
-0.0778212
-0.0929305
-0.108043
-0.123153
-0.138257
-0.153349
-0.168425
-0.183477
-0.198501
-0.213493
-0.228447
-0.243357
-0.258219
-0.273028
-0.287776
-0.302462
-0.317078
-0.331619
-0.346081
-0.360459
-0.374747
-0.38894
-0.403034
-0.417021
-0.430899
-0.444662
-0.458304
-0.471824
-0.485212
-0.498464
-0.511579
-0.524549
-0.537369
-0.550035
-0.562543
-0.574889
-0.587065
-0.59907
-0.610899
-0.622545
-0.634007
-0.645279
-0.656356
-0.667236
-0.677912
-0.688381
-0.698641
-0.708685
-0.718512
-0.728115
-0.737493
-0.74664
-0.755554
-0.764231
-0.772668
-0.780859
-0.788805
-0.7965
-0.803941
-0.811125
-0.818049
-0.82471
-0.831106
-0.837234
-0.843091
-0.848674
-0.853981
-0.859009
-0.863756
-0.868221
-0.8724
-0.876292
-0.879895
-0.883207
-0.886226
-0.888951
-0.891379
-0.893511
-0.895343
-0.896876
-0.898107
-0.899036
-0.899662
-0.899983
-0.9
-0.899711
-0.899117
-0.898216
-0.897008
-0.895493
-0.893671
-0.891541
-0.889105
-0.886362
-0.883312
-0.879956
-0.876295
-0.872328
-0.868056
-0.863482
-0.858604
-0.853425
-0.847947
-0.842168
-0.836092
-0.82972
-0.823051
-0.816091
-0.80884
-0.801298
-0.793469
-0.785355
-0.776959
-0.768279
-0.759323
-0.75009
-0.740584
-0.730807
-0.720763
-0.710452
-0.69988
-0.689049
-0.677961
-0.666621
-0.655033
-0.643198
-0.631121
-0.618807
-0.606256
-0.593474
-0.580467
-0.567235
-0.553783
-0.540117
-0.52624
-0.512157
-0.497873
-0.483389
-0.468713
-0.453849
-0.438802
-0.423575
-0.408172
-0.392603
-0.376869
-0.360975
-0.344929
-0.328732
-0.312391
-0.295914
-0.279302
-0.262563
-0.245701
-0.228725
-0.211635
-0.194441
-0.177146
-0.159757
-0.14228
-0.124722
-0.107085
-0.089378
-0.0716074
0
1.75169e-05
