-0.158414
0
3.8898e-05
0.000155449
0.000349227
0.000619519
0.000965332
0.00138539
0.00187816
0.0024418
0.00307425
0.00377314
0.00453589
0.00535963
0.0062413
0.00717757
0.00816491
0.00919956
0.0102776
0.0113948
0.012547
0.0137295
0.0149379
0.0161673
0.0174127
0.0186693
0.0199318
0.021195
0.0224538
0.0237027
0.0249364
0.0261495
0.0273365
0.0284922
0.0296111
0.030688
0.0317174
0.0326943
0.0336135
0.0344699
0.0352588
0.0359753
0.0366148
0.0371728
0.0376451
0.0380275
0.0383162
0.0385075
0.038598
0.0385844
0.0384637
0.0382334
0.037891
0.0374342
0.0368614
0.0361709
0.0353616
0.0344324
0.0333828
0.0322125
0.0309216
0.0295104
0.0279797
0.0263305
0.0245643
0.0226827
0.0206879
0.0185824
0.0163688
0.0140502
0.0116301
0.00911222
0.00650065
0.00379977
0.00101424
-0.00185093
-0.00479046
-0.0077988
-0.0108702
-0.0139984
-0.0171773
-0.0204002
-0.0236604
-0.0269508
-0.0302643
-0.0335936
-0.0369312
-0.0402693
-0.0436004
-0.0469163
-0.0502091
-0.0534709
-0.0566935
-0.0598687
-0.0629885
-0.0660446
-0.0690289
-0.0719333
-0.0747498
-0.0774705
-0.0800874
-0.0825929
-0.0849793
-0.0872393
-0.0893655
-0.091351
-0.0931888
-0.0948724
-0.0963953
-0.0977516
-0.0989354
-0.0999413
-0.100764
-0.101399
-0.101841
-0.102086
-0.102132
-0.101973
-0.101608
-0.101034
-0.100248
-0.0992497
-0.0980369
-0.0966092
-0.0949661
-0.0931079
-0.0910352
-0.088749
-0.0862509
-0.083543
-0.0806277
-0.0775081
-0.0741878
-0.0706704
-0.0669607
-0.0630635
-0.0589839
-0.0547281
-0.0503022
-0.0457128
-0.0409672
-0.0360728
-0.0310378
-0.0258702
-0.0205791
-0.0151734
-0.00966265
-0.00405647
0.00163479
0.0074009
0.0132312
0.0191144
0.0250397
0.0309956
0.0369705
0.0429526
0.0489299
0.0548905
0.0608222
0.0667127
0.0725496
0.0783209
0.0840141
0.0896169
0.095117
0.100502
0.105761
0.110881
0.11585
0.120657
0.12529
0.129738
0.133991
0.138038
0.141867
0.145471
0.148837
0.151959
0.154826
0.15743
0.159763
0.161817
0.163586
0.165064
0.166243
0.167118
0.167685
0.167939
0.167877
0.167495
0.16679
0.165761
0.164406
0.162725
0.160718
0.158384
0.155727
0.152746
0.149445
0.145828
0.141897
0.137658
0.133116
0.128276
0.123146
0.117732
0.112042
0.106084
0.0998676
0.0934023
0.086698
0.0797653
0.0726159
0.0652612
0.0577137
0.0499862
0.0420916
0.0340441
0.0258573
0.0175462
0.00912541
0.000610179
-0.00798397
-0.0166414
-0.0253457
-0.0340808
-0.04283
-0.0515769
-0.0603041
-0.0689955
-0.0776336
-0.0862016
-0.0946825
-0.103059
-0.111314
-0.119432
-0.127395
-0.135186
-0.14279
-0.150191
-0.157372
-0.164318
-0.171014
-0.177445
-0.183596
-0.189454
-0.195005
-0.200236
-0.205134
-0.209687
-0.213885
-0.217715
-0.221169
-0.224236
-0.226908
-0.229175
-0.231032
-0.232471
-0.233486
-0.234072
-0.234225
-0.23394
-0.233216
-0.23205
-0.230442
-0.22839
-0.225895
-0.222959
-0.219585
-0.215775
-0.211533
-0.206864
-0.201774
-0.196269
-0.190357
-0.184047
-0.177346
-0.170265
-0.162815
-0.155007
-0.146854
-0.138367
-0.129562
-0.120452
-0.111053
-0.101379
-0.0914484
-0.0812773
-0.0708832
-0.060284
-0.0494989
-0.0385465
-0.027446
-0.0162183
-0.00488318
0.00653866
0.0180265
0.0295587
0.041114
0.0526713
0.0642076
0.075702
0.0871322
0.0984765
0.109713
0.120819
0.131775
0.142556
0.153143
0.163514
0.173649
0.183526
0.193126
0.202428
0.211414
0.220064
0.22836
0.236284
0.243819
0.250948
0.257656
0.263926
0.269746
0.2751
0.279976
0.284363
0.288247
0.29162
0.294472
0.296795
0.29858
0.299821
0.300513
0.300651
0.300231
0.29925
0.297709
0.295605
0.292939
0.289714
0.285932
0.281596
0.276712
0.271286
0.265324
0.258835
0.251828
0.244312
0.2363
0.227803
0.218834
0.209407
0.199538
0.189242
0.178537
0.167439
0.155968
0.144143
0.131984
0.119512
0.106749
0.0937158
0.0804366
0.0669342
0.0532331
0.0393577
0.0253329
0.0111834
-0.00306374
-0.017383
-0.0317481
-0.0461328
-0.0605096
-0.074852
-0.0891336
-0.103326
-0.117403
-0.131338
-0.145105
-0.158675
-0.172023
-0.185124
-0.19795
-0.210478
-0.222681
-0.234535
-0.246018
-0.257104
-0.267772
-0.277999
-0.287764
-0.297047
-0.305827
-0.314086
-0.321806
-0.32897
-0.335561
-0.341564
-0.346965
-0.351751
-0.35591
-0.359431
-0.362305
-0.364523
-0.366077
-0.366961
-0.36717
-0.366701
-0.365551
-0.363719
-0.361205
-0.358011
-0.354138
-0.349591
-0.344376
-0.338498
-0.331965
-0.324787
-0.316973
-0.308536
-0.299487
-0.289841
-0.279613
-0.268819
-0.257477
-0.245604
-0.233222
-0.22035
-0.20701
-0.193224
-0.179017
-0.164411
-0.149434
-0.134112
-0.11847
-0.102536
-0.0863395
-0.0699089
-0.0532734
-0.0364632
-0.0195087
-0.0024407
0.0147096
0.0319106
0.0491307
0.0663387
0.083501
0.100586
0.117562
0.134398
0.15106
0.167518
0.183739
0.199693
0.215348
0.230675
0.245644
0.260224
0.274388
0.288107
0.301354
0.314102
0.326326
0.338
0.3491
0.359603
0.369488
0.378732
0.387317
0.395223
0.402434
0.408932
0.414702
0.419731
0.424007
0.427517
0.430253
0.432206
0.433369
0.433737
0.433306
0.432073
0.430037
0.427198
0.423559
0.419123
0.413894
0.40788
0.401088
0.393528
0.385211
0.376148
0.366354
0.355843
0.344633
0.332742
0.320188
0.306992
0.293177
0.278764
0.263779
0.248247
0.232195
0.21565
0.198641
0.181197
0.163349
0.14513
0.126571
0.107705
0.0885656
0.0691876
0.0496058
0.0298548
0.00997227
-0.0100063
-0.0300443
-0.0501049
-0.0701509
-0.0901461
-0.110051
-0.129831
-0.149447
-0.168862
-0.188041
-0.206946
-0.225544
-0.243795
-0.261665
-0.279121
-0.296129
-0.312654
-0.328666
-0.344132
-0.359022
-0.373304
-0.386953
-0.399938
-0.412235
-0.423818
-0.434663
-0.444746
-0.454046
-0.462543
-0.470219
-0.477056
-0.483038
-0.488152
-0.492385
-0.495725
-0.498164
-0.499692
-0.500305
-0.499998
-0.498768
-0.496614
-0.493537
-0.489538
-0.484623
-0.478797
-0.472067
-0.464442
-0.455934
-0.446556
-0.43632
-0.425245
-0.413345
-0.400642
-0.387154
-0.372906
-0.35792
-0.342222
-0.325838
-0.308796
-0.291125
-0.272856
-0.254019
-0.234649
-0.21478
-0.194445
-0.173682
-0.152527
-0.131018
-0.109191
-0.0870895
-0.0647518
-0.0422181
-0.0195294
0.00327279
0.0261468
0.0490516
0.0719429
0.0947793
0.117519
0.140118
0.162536
0.18473
0.20666
0.22828
0.249554
0.270438
0.290895
0.310883
0.330366
0.349304
0.367662
0.385404
0.402494
0.4189
0.434588
0.449526
0.463688
0.47704
0.489557
0.501213
0.511985
0.521848
0.530782
0.538768
0.545786
0.551823
0.556862
0.560892
0.563902
0.565883
0.566828
0.566732
0.565592
0.563406
0.560176
0.555904
0.550594
0.544254
0.53689
0.528515
0.51914
0.508779
0.497449
0.485167
0.471952
0.457827
0.442815
0.42694
0.410229
0.392711
0.374415
0.355373
0.335616
0.315181
0.294102
0.272416
0.250162
0.227379
0.204107
0.180388
0.156264
0.131778
0.106975
0.081899
0.0565957
0.0311113
0.00549097
-0.0202161
-0.0459638
-0.0717048
-0.0973916
-0.122977
-0.148412
-0.173653
-0.198648
-0.223352
-0.247719
-0.271702
-0.295257
-0.318339
-0.340906
-0.362909
-0.384311
-0.405068
-0.425141
-0.44449
-0.463079
-0.480869
-0.497828
-0.513919
-0.529112
-0.543375
-0.556679
-0.568998
-0.580305
-0.590578
-0.599793
-0.60793
-0.614973
-0.620903
-0.625708
-0.629375
-0.631895
-0.633258
-0.63346
-0.632497
-0.630366
-0.62707
-0.62261
-0.616991
-0.61022
-0.602308
-0.593264
-0.583103
-0.57184
-0.559493
-0.546081
-0.531626
-0.516153
-0.499686
-0.482253
-0.463884
-0.444609
-0.424463
-0.403479
-0.381694
-0.359147
-0.335875
-0.311921
-0.287326
-0.262134
-0.23639
-0.210141
-0.183432
-0.156312
-0.12883
-0.101035
-0.0729787
-0.0447082
-0.0162807
0.0122544
0.0408449
0.0694381
0.0979813
0.126422
0.154708
0.182785
0.210602
0.238107
0.265247
0.291973
0.318233
0.343981
0.369163
0.393732
0.417645
0.440851
0.46331
0.484975
0.505808
0.525763
0.544804
0.562894
0.579996
0.596077
0.611103
0.625046
0.637874
0.649563
0.660088
0.669426
0.677557
0.684463
0.690127
0.694537
0.697681
0.69955
0.700136
0.699437
0.697449
0.694172
0.68961
0.683769
0.676654
0.668276
0.658647
0.647783
0.635697
0.622413
0.607948
0.59233
0.575581
0.557732
0.538812
0.518851
0.497885
0.47595
0.453086
0.429328
0.404723
0.379309
0.353136
0.326245
0.298686
0.270511
0.241765
0.212506
0.182779
0.152645
0.122149
0.0913581
0.0603197
0.0290958
-0.00226187
-0.0336904
-0.0651377
-0.096543
-0.127846
-0.158993
-0.189922
-0.220581
-0.250907
-0.280849
-0.310348
-0.339348
-0.367792
-0.395632
-0.422811
-0.44928
-0.474985
-0.499882
-0.52392
-0.54705
-0.569233
-0.590421
-0.610576
-0.629655
-0.647624
-0.664444
-0.680084
-0.69451
-0.707694
-0.719608
-0.730228
-0.739529
-0.747494
-0.754104
-0.759341
-0.763196
-0.765656
-0.766714
-0.766365
-0.764606
-0.761436
-0.756859
-0.75088
-0.743506
-0.734748
-0.724617
-0.713131
-0.700307
-0.686164
-0.670728
-0.654021
-0.636074
-0.616914
-0.596575
-0.575092
-0.552503
-0.528844
-0.50416
-0.478489
-0.451882
-0.42438
-0.396034
-0.366897
-0.337016
-0.30645
-0.275246
-0.243468
-0.211167
-0.178403
-0.145239
-0.11173
-0.0779415
-0.0439296
-0.00976263
0.0245031
0.0587986
0.093067
0.127239
0.161257
0.195053
0.22857
0.261742
0.294508
0.326803
0.358573
0.389752
0.420288
0.450117
0.479187
0.507442
0.534824
0.561287
0.586775
0.611243
0.63464
0.656925
0.678051
0.697977
0.716662
0.734074
0.750173
0.764928
0.778311
0.790293
0.800848
0.809954
0.817592
0.823742
0.828393
0.83153
0.833147
0.833235
0.831792
0.828816
0.824311
0.818281
0.810734
0.801678
0.791132
0.779107
0.765625
0.750706
0.734376
0.716659
0.697587
0.677194
0.65551
0.632576
0.608429
0.583114
0.556671
0.529148
0.500593
0.471061
0.440596
0.40926
0.377103
0.344187
0.310565
0.276305
0.241464
0.206102
0.170291
0.134087
0.0975642
0.0607818
0.0238103
-0.0132827
-0.0504257
-0.0875573
-0.124602
-0.161499
-0.198173
-0.234563
-0.270597
-0.306206
-0.341329
-0.375895
-0.409845
-0.443109
-0.475634
-0.507346
-0.538194
-0.568114
-0.597054
-0.624954
-0.651766
-0.677434
-0.701909
-0.725146
-0.747095
-0.767719
-0.786972
-0.804821
-0.821226
-0.836156
-0.849578
-0.861467
-0.871797
-0.880546
-0.887694
-0.893226
-0.897127
-0.899388
-0.9
-0.89896
-0.896265
-0.891919
-0.885924
-0.87829
-0.869025
-0.858147
-0.845668
-0.831611
-0.815997
-0.798854
-0.780206
-0.760088
-0.738535
-0.715579
-0.691266
-0.665631
-0.638725
-0.610586
-0.581275
-0.550835
-0.519326
-0.486797
-0.453312
-0.418925
-0.383701
-0.347705
-0.310997
-0.273648
-0.23572
-0.197287
-0.158414
0
3.8898e-05
