-0.2014
0
4.96014e-05
0.000198105
0.00044461
0.000787619
0.00122505
0.00175423
0.00237193
0.00307437
0.00385722
0.00471565
0.00564433
0.00663746
0.00768879
0.00879167
0.00993906
0.0111236
0.0123375
0.0135729
0.0148214
0.0160747
0.0173242
0.0185611
0.0197767
0.020962
0.0221083
0.0232067
0.0242486
0.0252253
0.0261284
0.0269497
0.0276813
0.0283155
0.0288451
0.029263
0.0295629
0.0297384
0.0297842
0.0296951
0.0294666
0.0290946
0.0285759
0.0279077
0.0270878
0.0261149
0.0249882
0.0237076
0.0222738
0.0206881
0.0189525
0.0170699
0.0150438
0.0128783
0.0105784
0.00814968
0.00559847
0.00293171
0.000157031
-0.00271731
-0.0056825
-0.00872911
-0.0118471
-0.0150261
-0.0182551
-0.0215228
-0.0248172
-0.0281262
-0.0314374
-0.0347381
-0.0380151
-0.0412555
-0.0444458
-0.0475728
-0.0506231
-0.0535832
-0.0564401
-0.0591805
-0.0617914
-0.0642602
-0.0665745
-0.0687221
-0.0706915
-0.0724713
-0.074051
-0.0754202
-0.0765695
-0.0774899
-0.0781731
-0.0786117
-0.0787988
-0.0787285
-0.0783957
-0.0777961
-0.0769264
-0.0757842
-0.0743678
-0.0726769
-0.0707119
-0.0684742
-0.0659663
-0.0631917
-0.0601548
-0.0568611
-0.053317
-0.0495302
-0.045509
-0.041263
-0.0368023
-0.0321384
-0.0272835
-0.0222506
-0.0170535
-0.011707
-0.00622654
-0.00062812
0.00507141
0.0108546
0.0167036
0.0225998
0.0285246
0.0344585
0.040382
0.0462752
0.0521182
0.0578908
0.0635727
0.0691438
0.0745841
0.0798736
0.0849925
0.0899215
0.0946415
0.099134
0.103381
0.107365
0.111068
0.114476
0.117572
0.120342
0.122772
0.12485
0.126564
0.127903
0.128858
0.12942
0.129583
0.12934
0.128687
0.12762
0.126137
0.124238
0.121924
0.119196
0.116057
0.112513
0.10857
0.104236
0.0995189
0.0944297
0.0889802
0.0831831
0.0770529
0.0706049
0.0638563
0.0568246
0.0495291
0.0419901
0.0342285
0.0262667
0.0181274
0.00983486
0.00141333
-0.00711167
-0.0157142
-0.0243678
-0.0330454
-0.04172
-0.0503637
-0.0589491
-0.0674478
-0.0758325
-0.084075
-0.0921474
-0.100023
-0.107674
-0.115074
-0.122197
-0.129018
-0.135511
-0.141653
-0.147421
-0.152793
-0.157747
-0.162264
-0.166325
-0.169912
-0.173009
-0.175602
-0.177678
-0.179224
-0.180231
-0.18069
-0.180594
-0.179938
-0.178719
-0.176934
-0.174585
-0.171673
-0.168202
-0.164177
-0.159606
-0.154497
-0.148863
-0.142715
-0.136068
-0.128939
-0.121345
-0.113305
-0.104841
-0.0959751
-0.0867319
-0.0771363
-0.0672156
-0.0569979
-0.0465121
-0.035789
-0.0248596
-0.0137563
-0.00251243
0.00883809
0.0202613
0.0317215
0.0431836
0.0546122
0.0659707
0.0772234
0.0883347
0.0992686
0.109989
0.120461
0.130651
0.140524
0.150046
0.159185
0.167911
0.176191
0.183997
0.191301
0.198075
0.204295
0.209937
0.214979
0.2194
0.223181
0.226307
0.228761
0.230532
0.231608
0.23198
0.231643
0.230591
0.228823
0.226338
0.223138
0.219229
0.214617
0.209311
0.203322
0.196663
0.189351
0.181403
0.172839
0.163681
0.153953
0.143681
0.132893
0.121619
0.109889
0.097737
0.0851973
0.0723061
0.0591007
0.0456199
0.0319033
0.017991
0.00392574
-0.0102506
-0.0244953
-0.0387644
-0.0530142
-0.0672001
-0.0812787
-0.0952048
-0.108935
-0.122425
-0.135633
-0.148514
-0.161027
-0.173133
-0.184788
-0.195956
-0.206599
-0.21668
-0.226163
-0.235017
-0.24321
-0.250712
-0.257495
-0.263533
-0.268805
-0.273287
-0.276962
-0.279812
-0.281824
-0.282986
-0.28329
-0.282728
-0.281298
-0.278997
-0.275828
-0.271795
-0.266905
-0.261168
-0.254596
-0.247204
-0.23901
-0.230034
-0.220299
-0.20983
-0.198656
-0.186805
-0.174312
-0.16121
-0.147535
-0.133327
-0.118626
-0.103474
-0.0879145
-0.0719944
-0.0557596
-0.0392583
-0.022539
-0.00565309
0.0113492
0.0284167
0.0454964
0.0625369
0.0794844
0.0962875
0.112893
0.129248
0.145302
0.161005
0.176304
0.191152
0.2055
0.219301
0.232509
0.245082
0.256977
0.268152
0.278571
0.288196
0.296995
0.304934
0.311986
0.318125
0.323325
0.327565
0.330829
0.3331
0.334366
0.334618
0.333849
0.332057
0.329241
0.325405
0.320555
0.3147
0.307853
0.300031
0.291251
0.281536
0.27091
0.259401
0.247041
0.233862
0.219901
0.205196
0.189789
0.173724
0.157045
0.139802
0.122044
0.103823
0.0851923
0.0662073
0.0469241
0.0273998
0.0076941
-0.0121341
-0.0320246
-0.0519176
-0.0717506
-0.0914635
-0.110996
-0.130286
-0.149274
-0.167899
-0.186105
-0.203832
-0.221023
-0.237625
-0.253582
-0.268843
-0.283358
-0.29708
-0.309961
-0.321959
-0.333032
-0.343143
-0.352256
-0.360337
-0.367359
-0.373293
-0.378117
-0.381811
-0.384358
-0.385745
-0.385962
-0.385004
-0.382867
-0.379553
-0.375066
-0.369415
-0.362612
-0.354672
-0.345614
-0.335461
-0.324239
-0.311978
-0.298709
-0.284469
-0.269298
-0.253237
-0.236333
-0.218631
-0.200184
-0.181044
-0.161266
-0.140909
-0.120031
-0.098695
-0.0769629
-0.0549009
-0.0325733
-0.010049
0.012605
0.03532
0.0580282
0.0806573
0.103139
0.125405
0.147384
0.16901
0.190215
0.210932
0.231095
0.25064
0.269506
0.28763
0.304957
0.321427
0.336989
0.35159
0.365181
0.377717
0.389156
0.399457
0.408584
0.416505
0.423191
0.428615
0.432756
0.435596
0.437121
0.437322
0.436191
0.433726
0.429931
0.424811
0.418375
0.41064
0.401623
0.391345
0.379834
0.36712
0.353237
0.33822
0.322115
0.304964
0.286816
0.267721
0.247735
0.226916
0.205321
0.183016
0.160066
0.136538
0.112502
0.088027
0.0631891
0.0380605
0.0127186
-0.012762
-0.0383021
-0.063825
-0.0892527
-0.114509
-0.139513
-0.164188
-0.188459
-0.212249
-0.235485
-0.258093
-0.280003
-0.301142
-0.321446
-0.340848
-0.359287
-0.376702
-0.393036
-0.408236
-0.42225
-0.435032
-0.446537
-0.456726
-0.465563
-0.473016
-0.479058
-0.483663
-0.486814
-0.488495
-0.488695
-0.487408
-0.484634
-0.480374
-0.474637
-0.467434
-0.458783
-0.448704
-0.437222
-0.424369
-0.410176
-0.394685
-0.377936
-0.359978
-0.340858
-0.320633
-0.29936
-0.277099
-0.253915
-0.229876
-0.205052
-0.179516
-0.153343
-0.126611
-0.0993968
-0.0717861
-0.0438595
-0.0157011
0.0126039
0.04097
0.0693117
0.0975407
0.125572
0.153319
0.180696
0.207618
0.234001
0.259764
0.284826
0.309109
0.332534
0.355028
0.376518
0.396937
0.416219
0.4343
0.451122
0.466629
0.480768
0.493493
0.504761
0.51453
0.522768
0.529444
0.534531
0.538009
0.539863
0.54008
0.538656
0.535588
0.530881
0.524544
0.51659
0.507039
0.495914
0.483245
0.469062
0.453408
0.436323
0.417853
0.398054
0.376979
0.354689
0.331248
0.306721
0.281184
0.254709
0.227373
0.199258
0.170446
0.141023
0.111077
0.0806941
0.0499709
0.0189974
-0.0121328
-0.0433254
-0.0744856
-0.105518
-0.136331
-0.166824
-0.196907
-0.226486
-0.25547
-0.283768
-0.311292
-0.337958
-0.363678
-0.388373
-0.411964
-0.434376
-0.455537
-0.475381
-0.493839
-0.510852
-0.526367
-0.540327
-0.552688
-0.563407
-0.572445
-0.579772
-0.585358
-0.589181
-0.591224
-0.591476
-0.589931
-0.586587
-0.58145
-0.57453
-0.565841
-0.555407
-0.543252
-0.529409
-0.513915
-0.496811
-0.478147
-0.457972
-0.436345
-0.413327
-0.388984
-0.363386
-0.336605
-0.308723
-0.27982
-0.24998
-0.219293
-0.187848
-0.155739
-0.123063
-0.0899134
-0.0563958
-0.0226086
0.0113464
0.0453661
0.0793472
0.113189
0.146782
0.180027
0.212821
0.245066
0.276657
0.307498
0.337493
0.366552
0.394577
0.421484
0.447187
0.471605
0.494658
0.516275
0.536385
0.554921
0.571823
0.587035
0.600506
0.61219
0.622046
0.63004
0.636142
0.640327
0.642578
0.642882
0.641233
0.637631
0.63208
0.624593
0.615188
0.603886
0.590718
0.575718
0.558926
0.540388
0.520158
0.498292
0.47485
0.449901
0.423517
0.395772
0.366747
0.33653
0.305207
0.272872
0.239616
0.205544
0.170755
0.135353
0.0994401
0.0631306
0.0265309
-0.0102482
-0.0470955
-0.083899
-0.120547
-0.156929
-0.19293
-0.228441
-0.263352
-0.297557
-0.330949
-0.363425
-0.394885
-0.425226
-0.454356
-0.482183
-0.508618
-0.533578
-0.556983
-0.578758
-0.598831
-0.617137
-0.633615
-0.648212
-0.660878
-0.671569
-0.680249
-0.686882
-0.691447
-0.693922
-0.694295
-0.69256
-0.688717
-0.68277
-0.674734
-0.664627
-0.652475
-0.638307
-0.622166
-0.604092
-0.584137
-0.562354
-0.538808
-0.513565
-0.486698
-0.458283
-0.428404
-0.397147
-0.364602
-0.330868
-0.296044
-0.260233
-0.22354
-0.186076
-0.147951
-0.109279
-0.0701798
-0.0307694
0.00883348
0.0485087
0.088136
0.127594
0.166767
0.205527
0.24376
0.281347
0.318173
0.354124
0.389088
0.422959
0.455626
0.48699
0.516952
0.54542
0.572298
0.597505
0.620957
0.642583
0.662308
0.680069
0.695808
0.709472
0.721014
0.730394
0.737578
0.742538
0.745256
0.745716
0.743911
0.739843
0.733517
0.724948
0.714157
0.70117
0.686022
0.668754
0.649414
0.628055
0.604735
0.579524
0.552493
0.52372
0.493287
0.461284
0.427803
0.392942
0.356806
0.319502
0.281139
0.241832
0.201698
0.160856
0.119427
0.0775412
0.0353214
-0.00710447
-0.049608
-0.0920632
-0.134335
-0.176297
-0.217824
-0.258784
-0.299052
-0.338506
-0.377023
-0.414484
-0.450775
-0.485779
-0.519388
-0.551497
-0.582004
-0.610815
-0.637836
-0.662984
-0.686174
-0.707333
-0.726393
-0.74329
-0.757968
-0.770377
-0.780476
-0.788227
-0.793601
-0.796577
-0.79714
-0.795285
-0.791009
-0.784321
-0.775237
-0.763778
-0.749973
-0.73386
-0.715482
-0.69489
-0.672141
-0.647299
-0.620437
-0.591631
-0.560964
-0.528525
-0.494407
-0.458713
-0.421547
-0.383019
-0.34324
-0.302332
-0.260417
-0.217618
-0.174064
-0.129882
-0.0852113
-0.0401839
0.00506433
0.0503964
0.0956748
0.140762
0.185526
0.229818
0.273509
0.316465
0.358553
0.399644
0.43961
0.478329
0.515678
0.551543
0.58581
0.618372
0.649128
0.677978
0.704835
0.729605
0.752214
0.772587
0.790657
0.806366
0.819659
0.830492
0.838827
0.844632
0.847884
0.848569
0.846679
0.842214
0.835181
0.825598
0.813488
0.798881
0.781818
0.762345
0.740517
0.716394
0.690045
0.661546
0.630978
0.59843
0.563997
0.527779
0.489883
0.450415
0.409503
0.367262
0.323817
0.2793
0.233842
0.187579
0.140645
0.0931993
0.0453595
-0.00270367
-0.0508711
-0.0989701
-0.146881
-0.194438
-0.241502
-0.28793
-0.333578
-0.378308
-0.42198
-0.464463
-0.505623
-0.545328
-0.583459
-0.619897
-0.654526
-0.687238
-0.71793
-0.746507
-0.772873
-0.796946
-0.818648
-0.837908
-0.854663
-0.868857
-0.880444
-0.889378
-0.895631
-0.899177
-0.9
-0.898092
-0.893454
-0.886094
-0.876029
-0.863285
-0.847894
-0.829898
-0.809347
-0.786298
-0.760816
-0.73297
-0.702846
-0.67053
-0.636113
-0.599698
-0.56139
-0.521302
-0.479553
-0.436265
-0.391568
-0.345591
-0.298478
-0.250366
-0.2014
0
4.96014e-05
